# x  g 
0.050000	nan
0.150000	nan
0.250000	nan
0.350000	nan
0.450000	nan
0.550000	nan
0.650000	nan
0.750000	nan
0.850000	nan
0.950000	nan
1.050000	nan
1.150000	nan
1.250000	nan
1.350000	nan
1.450000	nan
1.550000	nan
1.650000	nan
1.750000	nan
1.850000	nan
1.950000	nan
2.050000	nan
2.150000	nan
2.250000	nan
2.350000	nan
2.450000	nan
2.550000	nan
2.650000	nan
2.750000	nan
2.850000	nan
2.950000	nan
3.050000	nan
3.150000	nan
3.250000	nan
3.350000	nan
3.450000	nan
3.550000	nan
3.650000	nan
3.750000	nan
3.850000	nan
3.950000	nan
4.050000	nan
4.150000	nan
4.250000	nan
4.350000	nan
4.450000	nan
4.550000	nan
4.650000	nan
4.750000	nan
4.850000	nan
4.950000	nan
5.050000	nan
5.150000	nan
5.250000	nan
5.350000	nan
5.450000	nan
5.550000	nan
5.650000	nan
5.750000	nan
5.850000	nan
5.950000	nan
6.050000	nan
6.150000	nan
6.250000	nan
6.350000	nan
6.450000	nan
6.550000	nan
6.650000	nan
6.750000	nan
6.850000	nan
6.950000	nan
7.050000	nan
7.150000	nan
7.250000	nan
7.350000	nan
7.450000	nan
7.550000	nan
7.650000	nan
7.750000	nan
7.850000	nan
7.950000	nan
8.050000	nan
8.150000	nan
8.250000	nan
8.350000	nan
8.450000	nan
8.550000	nan
8.650000	nan
8.750000	nan
8.850000	nan
8.950000	nan
9.050000	nan
9.150000	nan
9.250000	nan
9.350000	nan
9.450000	nan
9.550000	nan
9.650000	nan
9.750000	nan
9.850000	nan
9.950000	nan
10.050000	nan
10.150000	nan
10.250000	nan
10.350000	nan
10.450000	nan
10.550000	nan
10.650000	nan
10.750000	nan
10.850000	nan
10.950000	nan
11.050000	nan
11.150000	nan
11.250000	nan
11.350000	nan
11.450000	nan
11.550000	nan
11.650000	nan
11.750000	nan
11.850000	nan
11.950000	nan
12.050000	nan
12.150000	nan
12.250000	nan
12.350000	nan
12.450000	nan
12.550000	nan
12.650000	nan
12.750000	nan
12.850000	nan
12.950000	nan
13.050000	nan
13.150000	nan
13.250000	nan
13.350000	nan
13.450000	nan
13.550000	nan
13.650000	nan
13.750000	nan
13.850000	nan
13.950000	nan
14.050000	nan
14.150000	nan
14.250000	nan
14.350000	nan
14.450000	nan
14.550000	nan
14.650000	nan
14.750000	nan
14.850000	nan
14.950000	nan
15.050000	nan
15.150000	nan
15.250000	nan
15.350000	nan
15.450000	nan
15.550000	nan
15.650000	nan
15.750000	nan
15.850000	nan
15.950000	nan
16.050000	nan
16.150000	nan
16.250000	nan
16.350000	nan
16.450000	nan
16.550000	nan
16.650000	nan
16.750000	nan
16.850000	nan
16.950000	nan
17.050000	nan
17.150000	nan
17.250000	nan
17.350000	nan
17.450000	nan
17.550000	nan
17.650000	nan
17.750000	nan
17.850000	nan
17.950000	nan
18.050000	nan
18.150000	nan
18.250000	nan
18.350000	nan
18.450000	nan
18.550000	nan
18.650000	nan
18.750000	nan
18.850000	nan
18.950000	nan
19.050000	nan
19.150000	nan
19.250000	nan
19.350000	nan
19.450000	nan
19.550000	nan
19.650000	nan
19.750000	nan
19.850000	nan
19.950000	nan
20.050000	nan
20.150000	nan
20.250000	nan
20.350000	nan
20.450000	nan
20.550000	nan
20.650000	nan
20.750000	nan
20.850000	nan
20.950000	nan
21.050000	nan
21.150000	nan
21.250000	nan
21.350000	nan
21.450000	nan
21.550000	nan
21.650000	nan
21.750000	nan
21.850000	nan
21.950000	nan
22.050000	nan
22.150000	nan
22.250000	nan
22.350000	nan
22.450000	nan
22.550000	nan
22.650000	nan
22.750000	nan
22.850000	nan
22.950000	nan
23.050000	nan
23.150000	nan
23.250000	nan
23.350000	nan
23.450000	nan
23.550000	nan
23.650000	nan
23.750000	nan
23.850000	nan
23.950000	nan
24.050000	nan
24.150000	nan
24.250000	nan
24.350000	nan
24.450000	nan
24.550000	nan
24.650000	nan
24.750000	nan
24.850000	nan
24.950000	nan
25.050000	nan
25.150000	nan
25.250000	nan
25.350000	nan
25.450000	nan
25.550000	nan
25.650000	nan
25.750000	nan
25.850000	nan
25.950000	nan
26.050000	nan
26.150000	nan
26.250000	nan
26.350000	nan
26.450000	nan
26.550000	nan
26.650000	nan
26.750000	nan
26.850000	nan
26.950000	nan
27.050000	nan
27.150000	nan
27.250000	nan
27.350000	nan
27.450000	nan
27.550000	nan
27.650000	nan
27.750000	nan
27.850000	nan
27.950000	nan
28.050000	nan
28.150000	nan
28.250000	nan
28.350000	nan
28.450000	nan
28.550000	nan
28.650000	nan
28.750000	nan
28.850000	nan
28.950000	nan
29.050000	nan
29.150000	nan
29.250000	nan
29.350000	nan
29.450000	nan
29.550000	nan
29.650000	nan
29.750000	nan
29.850000	nan
29.950000	nan
30.050000	nan
30.150000	nan
30.250000	nan
30.350000	nan
30.450000	nan
30.550000	nan
30.650000	nan
30.750000	nan
30.850000	nan
30.950000	nan
31.050000	nan
31.150000	nan
31.250000	nan
31.350000	nan
31.450000	nan
31.550000	nan
31.650000	nan
31.750000	nan
31.850000	nan
31.950000	nan
32.050000	nan
32.150000	nan
32.250000	nan
32.350000	nan
32.450000	nan
32.550000	nan
32.650000	nan
32.750000	nan
32.850000	nan
32.950000	nan
33.050000	nan
33.150000	nan
33.250000	nan
33.350000	nan
33.450000	nan
33.550000	nan
33.650000	nan
33.750000	nan
33.850000	nan
33.950000	nan
34.050000	nan
34.150000	nan
34.250000	nan
34.350000	nan
34.450000	nan
34.550000	nan
34.650000	nan
34.750000	nan
34.850000	nan
34.950000	nan
35.050000	nan
35.150000	nan
35.250000	nan
35.350000	nan
35.450000	nan
35.550000	nan
35.650000	nan
35.750000	nan
35.850000	nan
35.950000	nan
36.050000	nan
36.150000	nan
36.250000	nan
36.350000	nan
36.450000	nan
36.550000	nan
36.650000	nan
36.750000	nan
36.850000	nan
36.950000	nan
37.050000	nan
37.150000	nan
37.250000	nan
37.350000	nan
37.450000	nan
37.550000	nan
37.650000	nan
37.750000	nan
37.850000	nan
37.950000	nan
38.050000	nan
38.150000	nan
38.250000	nan
38.350000	nan
38.450000	nan
38.550000	nan
38.650000	nan
38.750000	nan
38.850000	nan
38.950000	nan
39.050000	nan
39.150000	nan
39.250000	nan
39.350000	nan
39.450000	nan
39.550000	nan
39.650000	nan
39.750000	nan
39.850000	nan
39.950000	nan
40.050000	nan
40.150000	nan
40.250000	nan
40.350000	nan
40.450000	nan
40.550000	nan
40.650000	nan
40.750000	nan
40.850000	nan
40.950000	nan
41.050000	nan
41.150000	nan
41.250000	nan
41.350000	nan
41.450000	nan
41.550000	nan
41.650000	nan
41.750000	nan
41.850000	nan
41.950000	nan
42.050000	nan
42.150000	nan
42.250000	nan
42.350000	nan
42.450000	nan
42.550000	nan
42.650000	nan
42.750000	nan
42.850000	nan
42.950000	nan
43.050000	nan
43.150000	nan
43.250000	nan
43.350000	nan
43.450000	nan
43.550000	nan
43.650000	nan
43.750000	nan
43.850000	nan
43.950000	nan
44.050000	nan
44.150000	nan
44.250000	nan
44.350000	nan
44.450000	nan
44.550000	nan
44.650000	nan
44.750000	nan
44.850000	nan
44.950000	nan
45.050000	nan
45.150000	nan
45.250000	nan
45.350000	nan
45.450000	nan
45.550000	nan
45.650000	nan
45.750000	nan
45.850000	nan
45.950000	nan
46.050000	nan
46.150000	nan
46.250000	nan
46.350000	nan
46.450000	nan
46.550000	nan
46.650000	nan
46.750000	nan
46.850000	nan
46.950000	nan
47.050000	nan
47.150000	nan
47.250000	nan
47.350000	nan
47.450000	nan
47.550000	nan
47.650000	nan
47.750000	nan
47.850000	nan
47.950000	nan
48.050000	nan
48.150000	nan
48.250000	nan
48.350000	nan
48.450000	nan
48.550000	nan
48.650000	nan
48.750000	nan
48.850000	nan
48.950000	nan
49.050000	nan
49.150000	nan
49.250000	nan
49.350000	nan
49.450000	nan
49.550000	nan
49.650000	nan
49.750000	nan
49.850000	nan
49.950000	nan
50.050000	nan
50.150000	nan
50.250000	nan
50.350000	nan
50.450000	nan
50.550000	nan
50.650000	nan
50.750000	nan
50.850000	nan
50.950000	nan
51.050000	nan
51.150000	nan
51.250000	nan
51.350000	nan
51.450000	nan
51.550000	nan
51.650000	nan
51.750000	nan
51.850000	nan
51.950000	nan
52.050000	nan
52.150000	nan
52.250000	nan
52.350000	nan
52.450000	nan
52.550000	nan
52.650000	nan
52.750000	nan
52.850000	nan
52.950000	nan
53.050000	nan
53.150000	nan
53.250000	nan
53.350000	nan
53.450000	nan
53.550000	nan
53.650000	nan
53.750000	nan
53.850000	nan
53.950000	nan
54.050000	nan
54.150000	nan
54.250000	nan
54.350000	nan
54.450000	nan
54.550000	nan
54.650000	nan
54.750000	nan
54.850000	nan
54.950000	nan
55.050000	nan
55.150000	nan
55.250000	nan
55.350000	nan
55.450000	nan
55.550000	nan
55.650000	nan
55.750000	nan
55.850000	nan
55.950000	nan
56.050000	nan
56.150000	nan
56.250000	nan
56.350000	nan
56.450000	nan
56.550000	nan
56.650000	nan
56.750000	nan
56.850000	nan
56.950000	nan
57.050000	nan
57.150000	nan
57.250000	nan
57.350000	nan
57.450000	nan
57.550000	nan
57.650000	nan
57.750000	nan
57.850000	nan
57.950000	nan
58.050000	nan
58.150000	nan
58.250000	nan
58.350000	nan
58.450000	nan
58.550000	nan
58.650000	nan
58.750000	nan
58.850000	nan
58.950000	nan
59.050000	nan
59.150000	nan
59.250000	nan
59.350000	nan
59.450000	nan
59.550000	nan
59.650000	nan
59.750000	nan
59.850000	nan
59.950000	nan
60.050000	nan
60.150000	nan
60.250000	nan
60.350000	nan
60.450000	nan
60.550000	nan
60.650000	nan
60.750000	nan
60.850000	nan
60.950000	nan
61.050000	nan
61.150000	nan
61.250000	nan
61.350000	nan
61.450000	nan
61.550000	nan
61.650000	nan
61.750000	nan
61.850000	nan
61.950000	nan
62.050000	nan
62.150000	nan
62.250000	nan
62.350000	nan
62.450000	nan
62.550000	nan
62.650000	nan
62.750000	nan
62.850000	nan
62.950000	nan
63.050000	nan
63.150000	nan
63.250000	nan
63.350000	nan
63.450000	nan
63.550000	nan
63.650000	nan
63.750000	nan
63.850000	nan
63.950000	nan
64.050000	nan
64.150000	nan
64.250000	nan
64.350000	nan
64.450000	nan
64.550000	nan
64.650000	nan
64.750000	nan
64.850000	nan
64.950000	nan
65.050000	nan
65.150000	nan
65.250000	nan
65.350000	nan
65.450000	nan
65.550000	nan
65.650000	nan
65.750000	nan
65.850000	nan
65.950000	nan
66.050000	nan
66.150000	nan
66.250000	nan
66.350000	nan
66.450000	nan
66.550000	nan
66.650000	nan
66.750000	nan
66.850000	nan
66.950000	nan
67.050000	nan
67.150000	nan
67.250000	nan
67.350000	nan
67.450000	nan
67.550000	nan
67.650000	nan
67.750000	nan
67.850000	nan
67.950000	nan
68.050000	nan
68.150000	nan
68.250000	nan
68.350000	nan
68.450000	nan
68.550000	nan
68.650000	nan
68.750000	nan
68.850000	nan
68.950000	nan
69.050000	nan
69.150000	nan
69.250000	nan
69.350000	nan
69.450000	nan
69.550000	nan
69.650000	nan
69.750000	nan
69.850000	nan
69.950000	nan
70.050000	nan
70.150000	nan
70.250000	nan
70.350000	nan
70.450000	nan
70.550000	nan
70.650000	nan
70.750000	nan
70.850000	nan
70.950000	nan
71.050000	nan
71.150000	nan
71.250000	nan
71.350000	nan
71.450000	nan
71.550000	nan
71.650000	nan
71.750000	nan
71.850000	nan
71.950000	nan
72.050000	nan
72.150000	nan
72.250000	nan
72.350000	nan
72.450000	nan
72.550000	nan
72.650000	nan
72.750000	nan
72.850000	nan
72.950000	nan
73.050000	nan
73.150000	nan
73.250000	nan
73.350000	nan
73.450000	nan
73.550000	nan
73.650000	nan
73.750000	nan
73.850000	nan
73.950000	nan
74.050000	nan
74.150000	nan
74.250000	nan
74.350000	nan
74.450000	nan
74.550000	nan
74.650000	nan
74.750000	nan
74.850000	nan
74.950000	nan
75.050000	nan
75.150000	nan
75.250000	nan
75.350000	nan
75.450000	nan
75.550000	nan
75.650000	nan
75.750000	nan
75.850000	nan
75.950000	nan
76.050000	nan
76.150000	nan
76.250000	nan
76.350000	nan
76.450000	nan
76.550000	nan
76.650000	nan
76.750000	nan
76.850000	nan
76.950000	nan
77.050000	nan
77.150000	nan
77.250000	nan
77.350000	nan
77.450000	nan
77.550000	nan
77.650000	nan
77.750000	nan
77.850000	nan
77.950000	nan
78.050000	nan
78.150000	nan
78.250000	nan
78.350000	nan
78.450000	nan
78.550000	nan
78.650000	nan
78.750000	nan
78.850000	nan
78.950000	nan
79.050000	nan
79.150000	nan
79.250000	nan
79.350000	nan
79.450000	nan
79.550000	nan
79.650000	nan
79.750000	nan
79.850000	nan
79.950000	nan
80.050000	nan
80.150000	nan
80.250000	nan
80.350000	nan
80.450000	nan
80.550000	nan
80.650000	nan
80.750000	nan
80.850000	nan
80.950000	nan
81.050000	nan
81.150000	nan
81.250000	nan
81.350000	nan
81.450000	nan
81.550000	nan
81.650000	nan
81.750000	nan
81.850000	nan
81.950000	nan
82.050000	nan
82.150000	nan
82.250000	nan
82.350000	nan
82.450000	nan
82.550000	nan
82.650000	nan
82.750000	nan
82.850000	nan
82.950000	nan
83.050000	nan
83.150000	nan
83.250000	nan
83.350000	nan
83.450000	nan
83.550000	nan
83.650000	nan
83.750000	nan
83.850000	nan
83.950000	nan
84.050000	nan
84.150000	nan
84.250000	nan
84.350000	nan
84.450000	nan
84.550000	nan
84.650000	nan
84.750000	nan
84.850000	nan
84.950000	nan
85.050000	nan
85.150000	nan
85.250000	nan
85.350000	nan
85.450000	nan
85.550000	nan
85.650000	nan
85.750000	nan
85.850000	nan
85.950000	nan
86.050000	nan
86.150000	nan
86.250000	nan
86.350000	nan
86.450000	nan
86.550000	nan
86.650000	nan
86.750000	nan
86.850000	nan
86.950000	nan
87.050000	nan
87.150000	nan
87.250000	nan
87.350000	nan
87.450000	nan
87.550000	nan
87.650000	nan
87.750000	nan
87.850000	nan
87.950000	nan
88.050000	nan
88.150000	nan
88.250000	nan
88.350000	nan
88.450000	nan
88.550000	nan
88.650000	nan
88.750000	nan
88.850000	nan
88.950000	nan
89.050000	nan
89.150000	nan
89.250000	nan
89.350000	nan
89.450000	nan
89.550000	nan
89.650000	nan
89.750000	nan
89.850000	nan
89.950000	nan
90.050000	nan
90.150000	nan
90.250000	nan
90.350000	nan
90.450000	nan
90.550000	nan
90.650000	nan
90.750000	nan
90.850000	nan
90.950000	nan
91.050000	nan
91.150000	nan
91.250000	nan
91.350000	nan
91.450000	nan
91.550000	nan
91.650000	nan
91.750000	nan
91.850000	nan
91.950000	nan
92.050000	nan
92.150000	nan
92.250000	nan
92.350000	nan
92.450000	nan
92.550000	nan
92.650000	nan
92.750000	nan
92.850000	nan
92.950000	nan
93.050000	nan
93.150000	nan
93.250000	nan
93.350000	nan
93.450000	nan
93.550000	nan
93.650000	nan
93.750000	nan
93.850000	nan
93.950000	nan
94.050000	nan
94.150000	nan
94.250000	nan
94.350000	nan
94.450000	nan
94.550000	nan
94.650000	nan
94.750000	nan
94.850000	nan
94.950000	nan
95.050000	nan
95.150000	nan
95.250000	nan
95.350000	nan
95.450000	nan
95.550000	nan
95.650000	nan
95.750000	nan
95.850000	nan
95.950000	nan
96.050000	nan
96.150000	nan
96.250000	nan
96.350000	nan
96.450000	nan
96.550000	nan
96.650000	nan
96.750000	nan
96.850000	nan
96.950000	nan
97.050000	nan
97.150000	nan
97.250000	nan
97.350000	nan
97.450000	nan
97.550000	nan
97.650000	nan
97.750000	nan
97.850000	nan
97.950000	nan
98.050000	nan
98.150000	nan
98.250000	nan
98.350000	nan
98.450000	nan
98.550000	nan
98.650000	nan
98.750000	nan
98.850000	nan
98.950000	nan
99.050000	nan
99.150000	nan
99.250000	nan
99.350000	nan
99.450000	nan
99.550000	nan
99.650000	nan
99.750000	nan
99.850000	nan
99.950000	nan
