# x  g 
0.050000	1021.167018
0.150000	30662.174954
0.250000	161283.543720
0.350000	499172.633551
0.450000	1186450.193049
0.550000	2403763.339127
0.650000	4373024.337544
0.750000	7360191.666216
0.850000	11678089.673919
0.950000	17689262.980121
1.050000	25808861.597989
1.150000	36507552.602412
1.250000	50314454.008752
1.350000	67820086.376187
1.450000	89679337.502589
1.550000	116614435.436122
1.650000	149417924.892689
1.750000	188955642.038434
1.850000	236169682.472935
1.950000	292081357.132256
2.050000	357794130.721807
2.150000	434496537.187293
2.250000	523465066.638872
2.350000	626067018.058521
2.450000	743763312.044670
2.550000	878111257.781390
2.650000	1030767268.361890
2.750000	1203489518.549224
2.850000	1398140539.019496
2.950000	1616689741.106161
3.050000	1861215866.048893
3.150000	2133909352.744463
3.250000	2437074618.004879
3.350000	2773132243.344811
3.450000	3144621062.350664
3.550000	3554200142.725340
3.650000	4004650657.154518
3.750000	4498877637.209618
3.850000	5039911604.575631
3.950000	5630910073.985477
4.050000	6275158922.345860
4.150000	6976073618.646783
4.250000	7737200309.389224
4.350000	8562216754.384460
4.450000	9454933107.946358
4.550000	10419292540.659702
4.650000	11459371697.065664
4.750000	12579380984.824200
4.850000	13783664691.074762
4.950000	15076700921.963135
5.050000	16463101361.490147
5.150000	17947610846.097076
5.250000	19535106751.627644
5.350000	21230598189.558308
5.450000	23039225009.677616
5.550000	24966256606.608593
5.650000	27017090527.923466
5.750000	29197250881.827984
5.850000	31512386542.706654
5.950000	33968269153.151447
6.050000	36570790921.356674
6.150000	39325962213.118500
6.250000	42239908938.000351
6.350000	45318869729.513954
6.450000	48569192919.552048
6.550000	51997333307.597610
6.650000	55609848725.599937
6.750000	59413396399.771439
6.850000	63414729110.792503
6.950000	67620691154.480011
7.050000	72038214105.016037
7.150000	76674312383.453766
7.250000	81536078634.469177
7.350000	86630678914.486725
7.450000	91965347695.063599
7.550000	97547382685.262375
7.650000	103384139477.462189
7.750000	109483026021.239655
7.850000	115851496930.141418
7.950000	122497047626.882370
8.050000	129427208332.211166
8.150000	136649537903.710510
8.250000	144171617530.368073
8.350000	152001044289.802826
8.450000	160145424574.401276
8.550000	168612367393.888153
8.650000	177409477561.304901
8.750000	186544348770.002502
8.850000	196024556569.641754
8.950000	205857651248.730713
9.050000	216051150632.491180
9.150000	226612532803.988434
9.250000	237549228757.385376
9.350000	248868614992.209625
9.450000	260578006057.135529
9.550000	272684647052.824249
9.650000	285195706102.793396
9.750000	298118266801.837463
9.850000	311459320651.174438
9.950000	325225759489.999878
10.050000	339424367933.121460
10.150000	354061815824.087952
10.250000	369144650713.898682
10.350000	384679290374.427124
10.450000	400672015356.600098
10.550000	417128961603.532593
10.650000	434056113126.925842
10.750000	451459294758.348267
10.850000	469344164982.725830
10.950000	487716208865.632019
11.050000	506580731082.466187
11.150000	525942849059.158875
11.250000	545807486234.324585
11.350000	566179365450.669312
11.450000	587063002485.484009
11.550000	608462699729.113281
11.650000	630382540018.976929
11.750000	652826380639.178711
11.850000	675797847491.831543
11.950000	699300329450.149292
12.050000	723336972899.896362
12.150000	747910676476.420410
12.250000	773024086006.371704
12.350000	798679589658.420410
12.450000	824879313312.323975
12.550000	851625116150.930542
12.650000	878918586482.956177
12.750000	906761037800.101440
12.850000	935153505077.651123
12.950000	964096741319.167847
13.050000	993591214355.522461
13.150000	1023637103897.381958
13.250000	1054234298851.309204
13.350000	1085382394897.257690
13.450000	1117080692336.978027
13.550000	1149328194211.998291
13.650000	1182123604696.955811
13.750000	1215465327770.069336
13.850000	1249351466162.102051
13.950000	1283779820587.256348
14.050000	1318747889256.584229
14.150000	1354252867674.792236
14.250000	1390291648723.685791
14.350000	1426860823027.630371
14.450000	1463956679608.287354
14.550000	1501575206822.206543
14.650000	1539712093582.610352
14.750000	1578362730868.907715
14.850000	1617522213512.863525
14.950000	1657185342273.163330
15.050000	1697346626181.730469
15.150000	1738000285174.087646
15.250000	1779140252989.569092
15.350000	1820760180346.884277
15.450000	1862853438384.902344
15.550000	1905413122372.938965
15.650000	1948432055679.997803
15.750000	1991902794003.637939
15.850000	2035817629851.268799
15.950000	2080168597272.878906
16.050000	2124947476834.297607
16.150000	2170145800836.484863
16.250000	2215754858763.657227
16.350000	2261765702963.338379
16.450000	2308169154549.437500
16.550000	2354955809525.916016
16.650000	2402116045113.999023
16.750000	2449640026301.178223
16.850000	2497517712567.804199
16.950000	2545738864828.084473
17.050000	2594293052547.771484
17.150000	2643169661035.251953
17.250000	2692357898922.467773
17.350000	2741846805796.431641
17.450000	2791625259995.981934
17.550000	2841681986567.880371
17.650000	2892005565348.372070
17.750000	2942584439209.043945
17.850000	2993406922407.926270
17.950000	3044461209079.350098
18.050000	3095735381840.292480
18.150000	3147217420490.623047
18.250000	3198895210835.707031
18.350000	3250756553583.854004
18.450000	3302789173346.295410
18.550000	3354980727707.396973
18.650000	3407318816368.139160
18.750000	3459790990367.413574
18.850000	3512384761336.173340
18.950000	3565087610837.494141
19.050000	3617886999724.219727
19.150000	3670770377547.705566
19.250000	3723725191995.220703
19.350000	3776738898360.489746
19.450000	3829798969016.786621
19.550000	3882892902928.295410
19.650000	3936008235145.968750
19.750000	3989132546315.436035
19.850000	4042253472194.513184
19.950000	4095358713131.684082
20.050000	4148436043562.384277
20.150000	4201473321472.810547
20.250000	4254458497838.055664
20.350000	4307379626045.497070
20.450000	4360224871274.162109
20.550000	4412982519855.504883
20.650000	4465640988578.083984
20.750000	4518188833970.919922
20.850000	4570614761537.533203
20.950000	4622907634925.299805
21.050000	4675056485096.141602
21.150000	4727050519383.600586
21.250000	4778879130563.348633
21.350000	4830531905827.045898
21.450000	4881998635727.265625
21.550000	4933269323080.700195
21.650000	4984334191772.931641
21.750000	5035183695592.560547
21.850000	5085808526948.732422
21.950000	5136199625565.303711
22.050000	5186348187148.405273
22.150000	5236245671986.285156
22.250000	5285883813542.137695
22.350000	5335254626971.466797
22.450000	5384350417654.882812
22.550000	5433163789691.462891
22.650000	5481687654345.068359
22.750000	5529915238533.541016
22.850000	5577840093268.515625
22.950000	5625456102115.912109
23.050000	5672757489662.272461
23.150000	5719738829999.841797
23.250000	5766395055253.696289
23.350000	5812721464116.137695
23.450000	5858713730468.710938
23.550000	5904367912033.783203
23.650000	5949680459103.859375
23.750000	5994648223386.603516
23.850000	6039268466902.999023
23.950000	6083538871016.530273
24.050000	6127457545626.844727
24.150000	6171023038432.210938
24.250000	6214234344417.721680
24.350000	6257090915509.068359
24.450000	6299592670368.904297
24.550000	6341740004502.860352
24.650000	6383533800507.724609
24.750000	6424975438619.654297
24.850000	6466066807554.869141
24.950000	6506810315587.593750
25.050000	6547208902020.606445
25.150000	6587266048945.384766
25.250000	6626985793396.864258
25.350000	6666372739911.960938
25.450000	6705432073454.337891
25.550000	6744169572883.562500
25.650000	6782591624782.836914
25.750000	6820705237890.312500
25.850000	6858518058020.375977
25.950000	6896038383485.389648
26.050000	6933275181262.298828
26.150000	6970238103642.341797
26.250000	7006937505564.634766
26.350000	7043384462719.796875
26.450000	7079590790247.785156
26.550000	7115569062310.953125
26.650000	7151332632348.614258
26.750000	7186895654238.541016
26.850000	7222273104279.598633
26.950000	7257480804030.126953
27.050000	7292535444143.927734
27.150000	7327454609127.444336
27.250000	7362256803095.804688
27.350000	7396961476554.991211
27.450000	7431589054254.302734
27.550000	7466160964189.243164
27.650000	7500699667630.256836
27.750000	7535228690448.728516
27.850000	7569772655550.030273
27.950000	7604357316579.597656
28.050000	7639009592914.238281
28.150000	7673757605877.875977
28.250000	7708630716394.194336
28.350000	7743659563886.625000
28.450000	7778876106591.372070
28.550000	7814313663337.966797
28.650000	7850006956613.837891
28.750000	7885992157226.514648
28.850000	7922306930297.922852
28.950000	7958990482796.688477
29.050000	7996083612579.622070
29.150000	8033628758778.619141
29.250000	8071670053935.492188
29.350000	8110253377306.116211
29.450000	8149426409947.910156
29.550000	8189238691063.566406
29.650000	8229741675942.485352
29.750000	8270988795245.419922
29.850000	8313035515736.857422
29.950000	8355939402385.770508
30.050000	8399760181792.243164
30.150000	8444559806893.751953
30.250000	8490402522871.650391
30.350000	8537354934281.507812
30.450000	8585486073117.699219
30.550000	8634867468052.943359
30.650000	8685573214469.086914
30.750000	8737680045222.335938
30.850000	8791267402248.239258
30.950000	8846417508507.083984
31.050000	8903215440491.816406
31.150000	8961749200848.037109
31.250000	9022109791097.478516
31.350000	9084391284293.431641
31.450000	9148690897193.087891
31.550000	9215109062049.330078
31.650000	9283749497472.927734
31.750000	9354719278289.167969
31.850000	9428128904104.181641
31.950000	9504092366066.304688
32.050000	9582727212060.644531
32.150000	9664154609020.216797
32.250000	9748499403148.968750
32.350000	9835890176719.382812
32.450000	9926459301636.562500
32.550000	10020342988862.003906
32.650000	10117681333646.794922
32.750000	10218618355831.488281
32.850000	10323302034650.771484
32.950000	10431884337775.210938
33.050000	10544521243585.746094
33.150000	10661372756390.130859
33.250000	10782602913806.111328
33.350000	10908379785668.476562
33.450000	11038875463545.507812
33.550000	11174266040497.476562
33.650000	11314731579779.277344
33.750000	11460456072170.853516
33.850000	11611627380635.382812
33.950000	11768437171548.968750
34.050000	11931080831774.050781
34.150000	12099757370101.607422
34.250000	12274669302552.203125
34.350000	12456022519969.169922
34.450000	12644026137221.261719
34.550000	12838892322593.755859
34.650000	13040836106135.369141
34.750000	13250075165984.390625
34.850000	13466829590947.451172
34.950000	13691321618595.857422
35.050000	13923775346772.898438
35.150000	14164416417671.130859
35.250000	14413471673144.931641
35.350000	14671168778495.851562
35.450000	14937735815485.171875
35.550000	15213400840177.236328
35.650000	15498391406599.388672
35.750000	15792934052876.064453
35.850000	16097253748650.210938
35.950000	16411573302358.732422
36.050000	16736112725995.646484
36.150000	17071088556330.962891
36.250000	17416713129949.998047
36.350000	17773193810999.917969
36.450000	18140732169207.230469
36.550000	18519523106904.226562
36.650000	18909753932376.066406
36.750000	19311603378618.265625
36.850000	19725240564515.890625
36.950000	20150823897743.972656
37.050000	20588499916126.890625
37.150000	21038402066964.660156
37.250000	21500649421459.574219
37.350000	21975345322645.320312
37.450000	22462575965415.781250
37.550000	22962408906055.507812
37.650000	23474891500685.187500
37.750000	24000049269432.378906
37.850000	24537884186065.613281
37.950000	25088372890761.289062
38.050000	25651464824875.738281
38.150000	26227080285365.742188
38.250000	26815108399247.917969
38.350000	27415405015298.886719
38.450000	28027790512005.699219
38.550000	28652047522158.062500
38.650000	29287918571092.414062
38.750000	29935103629239.289062
38.850000	30593257578413.996094
38.950000	31261987589698.429688
39.050000	31940850415202.562500
39.150000	32629349590744.644531
39.250000	33326932551885.468750
39.350000	34032987661398.757812
39.450000	34746841150242.750000
39.550000	35467753971810.875000
39.650000	36194918569768.250000
39.750000	36927455561455.398438
39.850000	37664410337467.515625
39.950000	38404749578708.539062
40.050000	39147357692923.085938
40.150000	39891033171746.093750
40.250000	40634484872119.335938
40.350000	41376328221519.960938
40.450000	42115081352628.539062
40.550000	42849161167580.601562
40.650000	43576879336480.500000
40.750000	44296438232332.710938
40.850000	45005926806209.367188
40.950000	45703316406107.820312
41.050000	46386456543290.492188
41.150000	47053070609633.046875
41.250000	47700751550928.093750
41.350000	48326957499288.351562
41.450000	48929007369732.015625
41.550000	49504076425283.203125
41.650000	50049191814930.187500
41.750000	50561228088862.500000
41.850000	51036902696474.281250
41.950000	51472771470387.031250
42.050000	51865224102536.625000
42.150000	52210479615578.015625
42.250000	52504581834956.578125
42.350000	52743394865877.835938
42.450000	52922598578208.445312
42.550000	53037684105349.992188
42.650000	53083949357978.539062
42.750000	53056494559340.828125
42.850000	52950217801775.078125
42.950000	52759810629769.898438
43.050000	52479753650532.351562
43.150000	52104312173919.187500
43.250000	51627531883435.148438
43.350000	51043234538891.312500
43.450000	50345013710424.460938
43.550000	49526230544083.523438
43.650000	48580009557165.000000
43.750000	47499234461963.750000
43.850000	46276544014554.546875
43.950000	44904327886687.039062
44.050000	43374722554136.218750
44.150000	41679607199623.992188
44.250000	39810599621369.359375
44.350000	37759052143472.039062
44.450000	35516047517775.851562
44.550000	33072394811892.277344
44.650000	30418625271200.367188
44.750000	27544988147389.750000
44.850000	24441446481467.714844
44.950000	21097672829824.691406
45.050000	17503044922089.201172
45.150000	13646641236925.365234
45.250000	9517236483681.837891
45.350000	5103296974916.282227
45.450000	392975877451.958679
45.550000	-4625891674205.806641
45.650000	-9965793615357.964844
45.750000	-15639546153119.994141
45.850000	-21660299149804.148438
45.950000	-28041541697408.546875
46.050000	-34797107901010.769531
46.150000	-41941182878942.695312
46.250000	-49488308995617.335938
46.350000	-57453392334018.148438
46.450000	-65851709418710.726562
46.550000	-74698914195076.234375
46.650000	-84011045272405.703125
46.750000	-93804533431007.671875
46.850000	-104096209396116.328125
46.950000	-114903311874394.062500
47.050000	-126243495850377.546875
47.150000	-138134841129222.046875
47.250000	-150595861118624.656250
47.350000	-163645511827378.937500
47.450000	-177303201063747.750000
47.550000	-191588797802875.406250
47.650000	-206522641696902.875000
47.750000	-222125552682463.656250
47.850000	-238418840652587.625000
47.950000	-255424315133883.968750
48.050000	-273164294917781.656250
48.150000	-291661617581646.375000
48.250000	-310939648827763.625000
48.350000	-331022291561223.937500
48.450000	-351933994624070.937500
48.550000	-373699761081968.750000
48.650000	-396345155968655.312500
48.750000	-419896313369546.437500
48.850000	-444379942724161.625000
48.950000	-469823334212274.312500
49.050000	-496254363091026.562500
49.150000	-523701492815105.875000
49.250000	-552193776799281.312500
49.350000	-581760858631116.250000
49.450000	-612432970566008.750000
49.550000	-644240930104573.625000
49.650000	-677216134448505.625000
49.750000	-711390552628693.375000
49.850000	-746796715074488.375000
49.950000	-783467700392029.125000
50.050000	-821437119113459.625000
50.150000	-860739094155376.750000
50.250000	-901408237731386.750000
50.350000	-943479624448986.250000
50.450000	-986988760305320.625000
50.550000	-1031971547299733.875000
50.650000	-1078464243378276.500000
50.750000	-1126503417394993.250000
50.850000	-1176125898807244.250000
50.950000	-1227368721784765.750000
51.050000	-1280269063433948.250000
51.150000	-1334864175820632.750000
51.250000	-1391191311492609.250000
51.350000	-1449287642196223.750000
51.450000	-1509190170484195.250000
51.550000	-1570935633930473.250000
51.650000	-1634560401658625.250000
51.750000	-1700100362933022.500000
51.850000	-1767590807552715.250000
51.950000	-1837066297800413.000000
52.050000	-1908560531761711.750000
52.150000	-1982106197802739.000000
52.250000	-2057734820078470.500000
52.350000	-2135476594926392.250000
52.450000	-2215360218072586.250000
52.550000	-2297412702637839.500000
52.650000	-2381659187893466.000000
52.750000	-2468122738909423.500000
52.850000	-2556824137156269.500000
52.950000	-2647781662284943.000000
53.050000	-2741010865334881.500000
53.150000	-2836524333694599.000000
53.250000	-2934331448265934.500000
53.350000	-3034438133299145.000000
53.450000	-3136846599525911.000000
53.550000	-3241555081284751.500000
53.650000	-3348557568425037.500000
53.750000	-3457843533930490.000000
53.850000	-3569397658268257.000000
53.950000	-3683199551601630.000000
54.050000	-3799223475157821.500000
54.150000	-3917438063098733.000000
54.250000	-4037806046438138.500000
54.350000	-4160283980629793.000000
54.450000	-4284821978569465.500000
54.550000	-4411363450930542.500000
54.650000	-4539844855768413.000000
54.750000	-4670195459591489.000000
54.850000	-4802337112035116.000000
54.950000	-4936184036517320.000000
55.050000	-5071642639251527.000000
55.150000	-5208611339069401.000000
55.250000	-5346980420686341.000000
55.350000	-5486631913891943.000000
55.450000	-5627439501316494.000000
55.550000	-5769268457453612.000000
55.650000	-5911975621402146.000000
55.750000	-6055409406026413.000000
55.850000	-6199409845954160.000000
55.950000	-6343808686786078.000000
56.050000	-6488429517877525.000000
56.150000	-6633087950659202.000000
56.250000	-6777591844587039.000000
56.350000	-6921741582278796.000000
56.450000	-7065330395354315.000000
56.550000	-7208144742073060.000000
56.650000	-7349964737705513.000000
56.750000	-7490564637948549.000000
56.850000	-7629713375607609.000000
56.950000	-7767175150141961.000000
57.050000	-7902710069250416.000000
57.150000	-8036074841375423.000000
57.250000	-8167023517189529.000000
57.350000	-8295308277974450.000000
57.450000	-8420680267969343.000000
57.550000	-8542890467455672.000000
57.650000	-8661690602596557.000000
57.750000	-8776834087789199.000000
57.850000	-8888076995388399.000000
57.950000	-8995179047486382.000000
58.050000	-9097904623693746.000000
58.150000	-9196023778488744.000000
58.250000	-9289313261360582.000000
58.350000	-9377557532193122.000000
58.450000	-9460549764551338.000000
58.550000	-9538092828651340.000000
58.650000	-9610000245934530.000000
58.750000	-9676097106810336.000000
58.850000	-9736220943029532.000000
58.950000	-9790222546116198.000000
59.050000	-9837966723345956.000000
59.150000	-9879332982712840.000000
59.250000	-9914216138707112.000000
59.350000	-9942526830862028.000000
59.450000	-9964191947396402.000000
59.550000	-9979154946588610.000000
59.650000	-9987376069200114.000000
59.750000	-9988832435767338.000000
59.850000	-9983518022933160.000000
59.950000	-9971443514185976.000000
60.050000	-9952636020478006.000000
60.150000	-9927138667728848.000000
60.250000	-9895010048164680.000000
60.350000	-9856323534121060.000000
60.450000	-9811166453288820.000000
60.550000	-9759639125295834.000000
60.650000	-9701853760799200.000000
60.750000	-9637933224551596.000000
60.850000	-9568009665263410.000000
60.950000	-9492223015741252.000000
61.050000	-9410719367318592.000000
61.150000	-9323649224136064.000000
61.250000	-9231165642305704.000000
61.350000	-9133422261345706.000000
61.450000	-9030571234109062.000000
61.550000	-8922761063550805.000000
61.650000	-8810134354133279.000000
61.750000	-8692825486966210.000000
61.850000	-8570958227615146.000000
61.950000	-8444643276174311.000000
62.050000	-8313975770034512.000000
62.150000	-8179032749020376.000000
62.250000	-8039870594398484.000000
62.350000	-7896522452391503.000000
62.450000	-7748995653975635.000000
62.550000	-7597269143024844.000000
62.650000	-7441290924962381.000000
62.750000	-7280975549403605.000000
62.850000	-7116201640359946.000000
62.950000	-6946809488346076.000000
63.050000	-6772598720107734.000000
63.150000	-6593326062207425.000000
63.250000	-6408703216310396.000000
63.350000	-6218394865222553.000000
63.450000	-6022016830322294.000000
63.550000	-5819134402911213.000000
63.650000	-5609260874209152.000000
63.750000	-5391856290241345.000000
63.850000	-5166326461480602.000000
63.950000	-4932022258525232.000000
64.050000	-4688239229137163.000000
64.150000	-4434217573545102.000000
64.250000	-4169142520380146.500000
64.350000	-3892145145730768.000000
64.450000	-3602303684275552.000000
64.550000	-3298645382737456.500000
64.650000	-2980148949657349.500000
64.750000	-2645747658888145.500000
64.850000	-2294333166213770.500000
64.950000	-1924760101101952.250000
65.050000	-1535851497077866.250000
65.150000	-1126405125638868.250000
65.250000	-695200797232228.750000
65.350000	-241008692326136.531250
65.450000	237401216345876.937500
65.550000	741248595893846.750000
65.650000	1271730989111354.500000
65.750000	1830010814133175.250000
65.850000	2417201096673892.000000
65.950000	3034349920472070.000000
66.050000	3682423594060806.000000
66.150000	4362288556439221.000000
66.250000	5074692064156047.000000
66.350000	5820241730694594.000000
66.450000	6599384018717911.000000
66.550000	7412381821720382.000000
66.650000	8259291305705478.000000
66.750000	9139938225928698.000000
66.850000	10053893974874170.000000
66.950000	11000451663682806.000000
67.050000	11978602587823198.000000
67.150000	12987013473450152.000000
67.250000	14024004949763132.000000
67.350000	15087531735365482.000000
67.450000	16175165070901310.000000
67.550000	17284077962070176.000000
67.650000	18411033828380916.000000
67.750000	19552379169861284.000000
67.850000	20704040870306296.000000
67.950000	21861528750235844.000000
68.050000	23019943955832204.000000
68.150000	24173993731160592.000000
68.250000	25318013058703712.000000
68.350000	26445993568911936.000000
68.450000	27551620016954176.000000
68.550000	28628314498713180.000000
68.650000	29669288427005188.000000
68.750000	30667602128246044.000000
68.850000	31616231728232792.000000
68.950000	32508142805716380.000000
69.050000	33336370080900520.000000
69.150000	34094102198624388.000000
69.250000	34774770460269224.000000
69.350000	35372140159183364.000000
69.450000	35880402998404744.000000
69.550000	36294268912353528.000000
69.650000	36609055493353560.000000
69.750000	36820773139571752.000000
69.850000	36926204002861272.000000
69.950000	36922972824097032.000000
70.050000	36809607808354552.000000
70.150000	36585589805881416.000000
70.250000	36251388234961064.000000
70.350000	35808482402550872.000000
70.450000	35259367142743868.000000
70.550000	34607541999143624.000000
70.650000	33857483515654352.000000
70.750000	33014600566436708.000000
70.850000	32085173033650484.000000
70.950000	31076274536376816.000000
71.050000	29995680304415380.000000
71.150000	28851761676086968.000000
71.250000	27653369074582756.000000
71.350000	26409705668525380.000000
71.450000	25130194250459416.000000
71.550000	23824340157753652.000000
71.650000	22501593307331072.000000
71.750000	21171212608966036.000000
71.850000	19842136139836900.000000
71.950000	18522860501483144.000000
72.050000	17221332707346616.000000
72.150000	15944857754060468.000000
72.250000	14700024692572710.000000
72.350000	13492653513426530.000000
72.450000	12327764495740746.000000
72.550000	11209570829303282.000000
72.650000	10141494322777346.000000
72.750000	9126202880735342.000000
72.850000	8165667209835735.000000
72.950000	7261232961971868.000000
73.050000	6413703309601489.000000
73.150000	5623425869260679.000000
73.250000	4890377033981136.000000
73.350000	4214236246395663.000000
73.450000	3594442629673174.000000
73.550000	3030226771223220.500000
73.650000	2520611371643259.500000
73.750000	2064375943592664.250000
73.850000	1659982735952613.000000
73.950000	1305463479546820.000000
74.050000	998269246901239.500000
74.150000	735088470069034.625000
74.250000	511640678345430.750000
74.350000	322455449918506.875000
74.450000	160647017330068.718750
74.550000	17694490307442.652344
74.650000	-116764675126229.468750
74.750000	-255124935182010.187500
74.850000	-411990826172652.187500
74.950000	-604357261988884.250000
75.050000	-851819122204029.000000
75.150000	-1176853021589489.500000
75.250000	-1605232352820426.500000
75.350000	-2166656850604159.750000
75.450000	-2895699355092589.500000
75.550000	-3833194382057742.000000
75.650000	-5028214795674269.000000
75.750000	-6540803816612880.000000
75.850000	-8445649795092156.000000
75.950000	-10836911603496440.000000
76.050000	-13834425692125330.000000
76.150000	-17591556755827376.000000
76.250000	-22305001050567452.000000
76.350000	-28226928008168300.000000
76.450000	-35679971592868884.000000
76.550000	-45075785132819960.000000
76.650000	-56938187836001416.000000
76.750000	-71932401300435360.000000
76.850000	-90902548384797376.000000
76.950000	-114920511737919088.000000
77.050000	-145350459725575776.000000
77.150000	-183934849530944672.000000
77.250000	-232909466143170464.000000
77.350000	-295156929503845440.000000
77.450000	-374409870671744896.000000
77.550000	-475516277261001344.000000
77.650000	-604779820956931456.000000
77.750000	-770386633232715008.000000
77.850000	-982926189099515008.000000
77.950000	-1256006828600927488.000000
78.050000	-1606955174317261056.000000
78.150000	-2057572678384806912.000000
78.250000	-2634901552917637120.000000
78.350000	-3371926842972824576.000000
78.450000	-4308112710714208768.000000
78.550000	-5489641503630773248.000000
78.650000	-6969197452159435776.000000
78.750000	-8805117597104627712.000000
78.850000	-11059726403017533440.000000
78.950000	-13796683520494016512.000000
79.050000	-17077212068725954560.000000
79.150000	-20955142121979445248.000000
79.250000	-25470802953565122560.000000
79.350000	-30643926689248546816.000000
79.450000	-36465879549018128384.000000
79.550000	-42891703938674253824.000000
79.650000	-49832619235273383936.000000
79.750000	-57149770664843788288.000000
79.850000	-64650110761606045696.000000
79.950000	-72085322516402757632.000000
80.050000	-79154626173469032448.000000
80.150000	-85512137602420359168.000000
80.250000	-90779159976690597888.000000
80.350000	-94561399926886481920.000000
80.450000	-96470626712285560832.000000
80.550000	-96149776139075911680.000000
80.650000	-93299990443368955904.000000
80.750000	-87707641304371871744.000000
80.850000	-79269067850481057792.000000
80.950000	-68010633003343601664.000000
81.050000	-54101803306687209472.000000
81.150000	-37859312494754316288.000000
81.250000	-19741071528422338560.000000
81.350000	-329301343485452352.000000
81.450000	19696678378700124160.000000
81.550000	39596563495009935360.000000
81.650000	58611692623754936320.000000
81.750000	76011019909953454080.000000
81.850000	91136762399721652224.000000
81.950000	103445898403469246464.000000
82.050000	112543930426820771840.000000
82.150000	118207947378447204352.000000
82.250000	120396971228311568384.000000
82.350000	119248756254586732544.000000
82.450000	115063494284740935680.000000
82.550000	108276121111407165440.000000
82.650000	99419973883466727424.000000
82.750000	89085295378972737536.000000
82.850000	77876435933537009664.000000
82.950000	66371534319064293376.000000
83.050000	55087986905297436672.000000
83.150000	44456211567074189312.000000
83.250000	34803191028169449472.000000
83.350000	26346174252696625152.000000
83.450000	19195862406742736896.000000
83.550000	13367530173908312064.000000
83.650000	8797924176315304960.000000
83.750000	5365485556527371264.000000
83.850000	2911464956995108352.000000
83.950000	1259794366384621824.000000
84.050000	234078227680728352.000000
84.150000	-329325887701086912.000000
84.250000	-572543437537677696.000000
84.350000	-611586704046346752.000000
84.450000	-535349875326421504.000000
84.550000	-407352769691397312.000000
84.650000	-269288703853963968.000000
84.750000	-145473532985006144.000000
84.850000	-47439778580739032.000000
84.950000	21873747818562432.000000
85.050000	64664885871594064.000000
85.150000	85671437673840368.000000
85.250000	90407517153520832.000000
85.350000	84105839663253760.000000
85.450000	71192710376777008.000000
85.550000	55119642673902712.000000
85.650000	38401379606900048.000000
85.750000	22749592996258788.000000
85.850000	9232303041805126.000000
85.950000	-1577067680548277.750000
86.050000	-9473799136845766.000000
86.150000	-14519199001839364.000000
86.250000	-16956673976111416.000000
86.350000	-17142457718827856.000000
86.450000	-15489170524439736.000000
86.550000	-12422401996227198.000000
86.650000	-8351246517264039.000000
86.750000	-3653079952452433.000000
86.850000	1328686188970722.250000
86.950000	6276926456153547.000000
87.050000	10887673176112218.000000
87.150000	14856666414500388.000000
87.250000	17870441899582814.000000
87.350000	19605686735250640.000000
87.450000	19738838034814648.000000
87.550000	17965887348703564.000000
87.650000	14030525507219442.000000
87.750000	7757547015814291.000000
87.850000	-911875199205498.875000
87.950000	-11885806108979252.000000
88.050000	-24889577597024716.000000
88.150000	-39436560637288632.000000
88.250000	-54801705255292360.000000
88.350000	-69999171907321384.000000
88.450000	-83768530912300992.000000
88.550000	-94578501534425584.000000
88.650000	-100661673853840592.000000
88.750000	-100096089239516768.000000
88.850000	-90947796300815184.000000
88.950000	-71480982606266224.000000
89.050000	-40428769309660664.000000
89.150000	2700156718006269.000000
89.250000	57322722863570512.000000
89.350000	121548992213642208.000000
89.450000	192080326455662976.000000
89.550000	264295064868305312.000000
89.650000	332556328549225600.000000
89.750000	390741200333937984.000000
89.850000	432947413377381824.000000
89.950000	454291006731307840.000000
90.050000	451675671732678656.000000
90.150000	424400398520134080.000000
90.250000	374482228100900992.000000
90.350000	306606441602554240.000000
90.450000	227672993877633952.000000
90.550000	145976126466443328.000000
90.650000	70121324073375320.000000
90.750000	7836823510985922.000000
90.850000	-35135453200858304.000000
90.950000	-55889012846334544.000000
91.050000	-54798256562983288.000000
91.150000	-35479999426375796.000000
91.250000	-4269477877801746.500000
91.350000	30710956731429224.000000
91.450000	60745953511916992.000000
91.550000	77798530620749232.000000
91.650000	75664182199064432.000000
91.750000	50837023124066440.000000
91.850000	2968485534542970.500000
91.950000	-65132425980917176.000000
92.050000	-147935232728129312.000000
92.150000	-237973387363205440.000000
92.250000	-326845461123775040.000000
92.350000	-406276863297257920.000000
92.450000	-469091272467505408.000000
92.550000	-509968276068017216.000000
92.650000	-525907065119253184.000000
92.750000	-516366603533367296.000000
92.850000	-483101522443041280.000000
92.950000	-429752570913481728.000000
93.050000	-361275851876289024.000000
93.150000	-283304422259282784.000000
93.250000	-201530198878248032.000000
93.350000	-121176823169943456.000000
93.450000	-46609854529774848.000000
93.550000	18895665426417964.000000
93.650000	73234256961260352.000000
93.750000	115418220237228576.000000
93.850000	145429117087222624.000000
93.950000	164010904551211872.000000
94.050000	172441190169668512.000000
94.150000	172310696923602016.000000
94.250000	165332210830221632.000000
94.350000	153190943436244768.000000
94.450000	137439873602414672.000000
94.550000	119437186250281792.000000
94.650000	100318788604785424.000000
94.750000	80996974622125072.000000
94.850000	62176220180766040.000000
94.950000	44378257381286736.000000
95.050000	27970408732814860.000000
95.150000	13193158190767012.000000
95.250000	184734407739656.250000
95.350000	-10998123308624332.000000
95.450000	-20363120905509024.000000
95.550000	-27968501778346116.000000
95.650000	-33911538481156096.000000
95.750000	-38318757297853112.000000
95.850000	-41337409513020864.000000
95.950000	-43127907418496704.000000
96.050000	-43857115029461816.000000
96.150000	-43692496492641720.000000
96.250000	-42797175499396624.000000
96.350000	-41325957732133296.000000
96.450000	-39422333339988440.000000
96.550000	-37216426347585632.000000
96.650000	-34823808084679904.000000
96.750000	-32345052683083808.000000
96.850000	-29865889357353688.000000
96.950000	-27457799394219488.000000
97.050000	-25178913049042968.000000
97.150000	-23075078925609896.000000
97.250000	-21181001417328512.000000
97.350000	-19521366396572948.000000
97.450000	-18111898485716460.000000
97.550000	-16960312978984992.000000
97.650000	-16067140946233794.000000
97.750000	-15426417277034010.000000
97.850000	-15026229082334558.000000
97.950000	-14849126977682180.000000
98.050000	-14872405408546812.000000
98.150000	-15068261428686948.000000
98.250000	-15403844869471574.000000
98.350000	-15841217133124730.000000
98.450000	-16337240869887700.000000
98.550000	-16843428118038078.000000
98.650000	-17305779333063146.000000
98.750000	-17664648827476664.000000
98.850000	-17854672188443486.000000
98.950000	-17804786762775076.000000
99.050000	-17438366367579022.000000
99.150000	-16673475937167400.000000
99.250000	-15423232711652342.000000
99.350000	-13596242572123670.000000
99.450000	-11097072186931980.000000
99.550000	-7826734385145121.000000
99.650000	-3683226597621200.500000
99.750000	1437702228896770.500000
99.850000	7641140528297124.000000
99.950000	15030167646293300.000000
