# x  g 
0.050000	1212556486000452065852430595232340047506739378450103009280.000000
0.150000	327680551823994899103706290503434050117047769446702557167616.000000
0.250000	4787791897180529885862669444391288105559336241053868645941248.000000
0.350000	29043707031562500987113719917724806471801286095970291614220288.000000
0.450000	114114210455359742982716928473714205636949003353032776120008704.000000
0.550000	345368144339556637782242909647641132618937795168826904291573760.000000
0.650000	877553895732199916270341979140051816732803873835838028862455808.000000
0.750000	1966422530632532800236847176302250005046603894937833494194159616.000000
0.850000	4007512153479213342387303212414155051707286998999040918619684864.000000
0.950000	7582669723545286402751650853441467749062320927040757255613972480.000000
1.050000	13514893810662721390505493947204338993137324040344316621132660736.000000
1.150000	22932087553824075481610139570197067008805591162382649012409860096.000000
1.250000	37340315331923432010923976455879257835007779968502227749780324352.000000
1.350000	58707159302984911086687424733758003758977872388049460786915966976.000000
1.450000	89555772956216948534420898115432450349751976450558672693893267456.000000
1.550000	133070228092599784752072020318670669476305885162875831053893763072.000000
1.650000	193212749150055374963971765623637754046248073164673659865663537152.000000
1.750000	274853424467969567712990497445300745402714239863370063179465883648.000000
1.850000	383912977895514096690234129792329118645784891444348639429393383424.000000
1.950000	527519176046064125380086192041567130933191241961924196023004037120.000000
2.050000	714177436447328990582095266029289283421937135588097311213862518784.000000
2.150000	953956189798269931771055246096261972354088180111198733929541533696.000000
2.250000	1258687535491877056913209156933112175949418555931933423876379246592.000000
2.350000	1642183713470043276445072398825337940049602959970769142162535743488.000000
2.450000	2120469897326222893632283800810243948703334385911388123478727065600.000000
2.550000	2712033793347531624685120214433028645874362107094098220488293613568.000000
2.650000	3438092507881339408939196315207997045353116338968684595758139179008.000000
2.750000	4322877121023104031720447575182094061031543855682571702906453491712.000000
2.850000	5393935378149124335965675996755753733759184298802496213057789755392.000000
2.950000	6682452882273102497943090937771706731291299380250708163452947398656.000000
3.050000	8223593139609159429861243054094019611532732483222568424570317963264.000000
3.150000	10056856778079441789397964665085442310589436301467094250177106542592.000000
3.250000	12226460223871096232652905738369854100531194378143398928264307146752.000000
3.350000	14781734084520460641296047658586073904672205513796067431989311963136.000000
3.450000	17777541448459991107623185635698108179262198127922769237623397416960.000000
3.550000	21274716270531289597497635146505285869061460598113889574310306119680.000000
3.650000	25340521970688899960585709906941004358706191285999581529314103918592.000000
3.750000	30049130329118456900512478196446009071000631359172327691740015230976.000000
3.850000	35482120715216740105126604550100772872669577118896397114932576911360.000000
3.950000	41728999640544370969093571180679502854999966403917116169053821468672.000000
4.050000	48887740576954149910620747865571074996151305873017851087760306208768.000000
4.150000	57065343930664840207382270478568883261917978153448712961322687397888.000000
4.250000	66378417011439193595849440085886238664675530524892131690363186315264.000000
4.350000	76953773782817387282526816877211676614917554363546043949590165585920.000000
4.450000	88929054125337011200753175984106564440135826678698027435014867648512.000000
4.550000	102453362289444262403649520523171178751311441083047697029001855893504.000000
4.650000	117687924158375176163292035248269910649848500045670040215671030153216.000000
4.750000	134806762884750005320044196298545416266371572965070819863015402242048.000000
4.850000	153997392406361294295575227227425068787280799909586735773430228975616.000000
4.950000	175461528289022946216087802004107367832376167222104809753609764864000.000000
5.050000	199415815285048193433814498954134784513071850244730217563446661087232.000000
5.150000	226092570937491488105903229867856223040336741591327479450449316151296.000000
5.250000	255740544500914489871203652783940365475791798950802450725902489747456.000000
5.350000	288625690390233534616563383287323388246659283388377281097970390925312.000000
5.450000	325031955310855985098588666613359769343960243933598073014611741769728.000000
5.550000	365262078163568190292767931293656980381489611590304507991665609277440.000000
5.650000	409638401760861526365214804211913639293649122915368752260826942930944.000000
5.750000	458503695332730604464983087665587686551952683530124748104056409423872.000000
5.850000	512221986743402832105188440340340169070433810032565945495304915648512.000000
5.950000	571179403285414962640663984857033815527479763334277501992610975186944.000000
6.050000	635785019861329167761800830721239378304973765076421526605423626420224.000000
6.150000	706471713311006839772020144177081967737460714355549855550244663590912.000000
6.250000	783697021590211386289995015398497774596039274691594190413178987347968.000000
6.350000	867944006454548226024398897541228512893971806322455265993583918841856.000000
6.450000	959722118256078713038685875823952988165965330982771848335272672493568.000000
6.550000	1059568061410732645429294777079030072257090806454141555732996530634752.000000
6.650000	1168046659051494303644278730572960567587350307645504467408167668547584.000000
6.750000	1285751715339684835118896284545006871588321896446895665812755972096000.000000
6.850000	1413306873863315345692853738310724205808270726348961275196622409564160.000000
6.950000	1551366470519978578230197844856221565047620918208938877631773978656768.000000
7.050000	1700616379237949485676566584693732752610997269807867337629359537127424.000000
7.150000	1861774848864059855399983328707558721556647890586396834528004327604224.000000
7.250000	2035593329515424530469036114055075369837336631516699526115745352122368.000000
7.350000	2222857286659070536806910811109342084824813048217757677152821760229376.000000
7.450000	2424387001173198301444244765024373686308596727915042069105106762072064.000000
7.550000	2641038353608350245879720373238232648173447195459869882491030487433216.000000
7.650000	2873703590861191608828213162465073182309577633529925078878096090726400.000000
7.750000	3123312073456796110305239695006648522248318185233534932025176194285568.000000
7.850000	3390831001618868534392010121986165738597313136399047480755402691313664.000000
7.950000	3677266118316465000838443084564398502003313879060175600410530102116352.000000
8.050000	3983662387450367133956681608120747301114802094734029646624434558074880.000000
8.150000	4311104645369518705460866735950123108200491544300852662963201485307904.000000
8.250000	4660718223886164994998696130737979344732600284495759764118198082863104.000000
8.350000	5033669542996032969930054872102573977764655586630620670005121120206848.000000
8.450000	5431166671486152413103878276549787372069792331487266001804167126974464.000000
8.550000	5854459853669581000636267157306977635574117973655613115964869100699648.000000
8.650000	6304842000474568143318629294069338765820935852408073041697072750788608.000000
8.750000	6783649143153247741009080355055156557448964103055360908397756651929600.000000
8.850000	7292260847915778745560086524730740312165025959998802697156616209301504.000000
8.950000	7832100589787553198233771869453368764366154743310343868767146040360960.000000
9.050000	8404636084081448690502967116178570420374728507416054807161921947566080.000000
9.150000	9011379573862752675139178769052820126861527410418113953420217497419776.000000
9.250000	9653888071858956521259421207616021671199227332310545541811983211298816.000000
9.350000	10333763555321033824916690824865163581902410023990514847462272811401216.000000
9.450000	11052653112347463247050996205504648626322976231257124062869100555141120.000000
9.550000	11812249038304713271801828925713637938668347993925074507544038790397952.000000
9.650000	12614288880976421290003860509457001473140537670581634316835468953518080.000000
9.750000	13460555433186304876955248289341366043315668348212342524039212004540416.000000
9.850000	14352876671651067130889234690016368742510379160381704095232136996454400.000000
9.950000	15293125640939083395794018587740024457917110252122290415359934343413760.000000
10.050000	16283220281460016841101626813965980190687746438180835692496651995316224.000000
10.150000	17325123200474289770186270433317586580721040168873764431980629881520128.000000
10.250000	18420841385232297402653215033903941365762208321667612211045419706220544.000000
10.350000	19572425857364772176875424020370197557373213361042247665284853499166720.000000
10.450000	20781971267791804016632601682608305413471559834596728855026553671647232.000000
10.550000	22051615431513335565871416770599954680489050653032794659392386465005568.000000
10.650000	23383538801615857687350533831312058360500228133696893120236490883858432.000000
10.750000	24779963882136201675061512035021099977836476457920102072416088350523392.000000
10.850000	26243154579231912872271399968255992059316634274742949643011302038175744.000000
10.950000	27775415490508539115674981955674452940728563955534561319343290927022080.000000
11.050000	29379091132194297491321501947483966250323803749980453420413810248777728.000000
11.150000	31056565104095802190280434497950723960072400363827055654992825118883840.000000
11.250000	32810259192366429002170303609034168386825326928802243267227648295698432.000000
11.350000	34642632410093369803936969700137648614141730085987172789306227295256576.000000
11.450000	36556179975978233184126763602499477590794468435339809500216454279069696.000000
11.550000	38553432231393810965309873069705119548006948070394747222036354261057536.000000
11.650000	40636953496172776399474916171010681281080145174498043503491830511566848.000000
11.750000	42809340863734900291398074231837674782308342458400305035168191837372416.000000
11.850000	45073222936020845968060207560114291007603935471305593074029266248663040.000000
11.950000	47431258499077732774845982054514113462469030103852086927997823816302592.000000
12.050000	49886135140052019050082707219540103858639476716732216262616268264177664.000000
12.150000	52440567806466341067151481722878301808036186557876056807328527616573440.000000
12.250000	55097297308954352778028003949409568211523582333768305502888001527611392.000000
12.350000	57859088768344436666069206063020246636298200669520080516399336909701120.000000
12.450000	60728730008544674641999458692165982193254554679668166514782852784062464.000000
12.550000	63709029896396429876431201491043718312013515964757974585680774006046720.000000
12.650000	66802816630013507864965835248817331668684438284680530863202911784009728.000000
12.750000	70012935977024516400997457376432710600356144915978172296096510348623872.000000
12.850000	73342249464496873271429977864036271864548496298235027359721352629059584.000000
12.950000	76793632521970312290661018212551121402372915440876798851794542021050368.000000
13.050000	80369972579780910806664272508404724860889756715559100390770707926089728.000000
13.150000	84074167124093111234720989345613490807343033611677397655486624792838144.000000
13.250000	87909121711158717929268326502374181943963794463822879286072897760657408.000000
13.350000	91877747942234391868533895545420986581567575763312725085033883901100032.000000
13.450000	95982961401887532628740375357540874831901756213705441791449898223140864.000000
13.550000	100227679561457895065392699182371286511109851295691210083481699284418560.000000
13.650000	104614819650198715658167395593979010972504963517307927145154097816010752.000000
13.750000	109147296496433423422078409731347388742959233656624005965710484173750272.000000
13.850000	113828020340994434990038419783729495882183514267092701783682934890299392.000000
13.950000	118659894625669166477440680003243591215680814045782683382396689592614912.000000
14.050000	123645813759032957984510923245302268305461164772228434195574628150149120.000000
14.150000	128788660862315260816289520698821106405329716323593728788967324697755648.000000
14.250000	134091305498142344787158872795785361940384354198226234836265381853659136.000000
14.350000	139556601384436977054439089338298855821332237232615676002407064920915968.000000
14.450000	145187384096855622784594513466434034600980448343610335788775510315630592.000000
14.550000	150986468762021011722355293912568858448165634619827594113868075511054336.000000
14.650000	156956647744553345084064032182823402641945857878053281011876456822734848.000000
14.750000	163100688331256406089458416682287887509723570416542637726063483550695424.000000
14.850000	169421330414295778826137179055885590692552375424438905456262200642502656.000000
14.950000	175921284177716779476395610946257204186219478783921622000741276968812544.000000
15.050000	182603227788809045681639213927978432823617491493994073795975296371916800.000000
15.150000	189469805098592171567101312113400468259428356280965414714262524801318912.000000
15.250000	196523623353504473648578004814411589328534460059912277440327727859105792.000000
15.350000	203767250921829925735206622407472255032625093447156895334833397566537728.000000
15.450000	211203215037392616068576017644866974756369299625140791331180980071301120.000000
15.550000	218833999564286042096332816602008979909834391822073776824796587321458688.000000
15.650000	226662042784752013166892594322667014693960262864911306844036698896072704.000000
15.750000	234689735214081519917773210837857584724397756860721897316299289846087680.000000
15.850000	242919417444730142377777952065833117772395593361631606866230907850719232.000000
15.950000	251353378023438679673199722856314308894885111190157144639359238281363456.000000
16.050000	259993851363449619494931210832428240101425066510746819111721049792708608.000000
16.150000	268843015695856947818481964889472308768960472520217789026877461265121280.000000
16.250000	277902991062010999245290905270441864509337099663453639519882857351741440.000000
16.350000	287175837350248914128899956730053870647482305816727113813380854112583680.000000
16.450000	296663552380107692340029843543928252653286702166796478877177445093474304.000000
16.550000	306368070036850129995215131469208330017585149000923426161617869161365504.000000
16.650000	316291258457597653863777019354396386068410368077513232819713078835806208.000000
16.750000	326434918275575092445286790007476952254157066380214255644556943882715136.000000
16.850000	336800780919366838739240053984097199188326065715179324730032326247972864.000000
16.950000	347390506976347502044887108957700663000585566822182201814166220461572096.000000
17.050000	358205684618438050011289575519116927272175939760895953229524022346121216.000000
17.150000	369247828092771449098861082708795037245405371500436872719078073737150464.000000
17.250000	380518376284101801807365021129532992173334242283129890409103061290057728.000000
17.350000	392018691345474415203662448526861139357389696148905555658718477100777472.000000
17.450000	403750057403935187905996224310039708042087046771629373272364920659247104.000000
17.550000	415713679343018808303373099211905008843659574353031982528109427824787456.000000
17.650000	427910681660295740054833194141386357476428075356440382030692861616324608.000000
17.750000	440342107409955349997289381885923775130889013228917142768991127925161984.000000
17.850000	453008917223417677091808881342946221020397549136319093917880499371507712.000000
17.950000	465911988417507975306672509025581441756619997039032946510217357725532160.000000
18.050000	479052114189309449491095142939331265916132110242656180857782024779333632.000000
18.150000	492430002896850061175769813392306832522056374720339058312861998653636608.000000
18.250000	506046277434474411986274486866693021330090331712855333345080343454023680.000000
18.350000	519901474696576328511510231248103657206624730452603039624564078003879936.000000
18.450000	533996045138505003304224431371479067080715599420167553956872428609077248.000000
18.550000	548330352431472892122671088176937152061205349817347968183458033165139968.000000
18.650000	562904673214726125605512351298616797455929818720236439502452523035262976.000000
18.750000	577719196949131994011355729000190498883287088501720514120277295791865856.000000
18.850000	592774025866028316372807257883670538275664277503481306724263394229092352.000000
18.950000	608069175024386455928058003766601209867136579972956109933486155157733376.000000
19.050000	623604572466172530463142873093602656444149138455504239528364656115580928.000000
19.150000	639380059477639618424580433081990398823315167947687707770782732009865216.000000
19.250000	655395390956702199722330713441124227107745741524379690941221617023320064.000000
19.350000	671650235887890116146389943861435159367765741119516706065016523516280832.000000
19.450000	688144177921730259767855805611476356916097561581096853199489474345566208.000000
19.550000	704876716068588955651332652275120156228412646568686222466895950263615488.000000
19.650000	721847265497101157848913450787387520746545197020904460719043426109095936.000000
19.750000	739055158446277663582870664852682834333367505559160740503242112774438912.000000
19.850000	756499645251455511856468442783032465588525068550213824557220364858425344.000000
19.950000	774179895476764717571980622051626712755002064823148503039757929469181952.000000
20.050000	792094999168139682737357627899968769235288959282879651922375955808518144.000000
20.150000	810243968216642235816857360517161283878387408484908550777353912774033408.000000
20.250000	828625737837484504507467228308874996718008086451041070916019049954541568.000000
20.350000	847239168166914083488958038779140879618256471806414995327926261908504576.000000
20.450000	866083045972164908704302784169412824299588300517844506467623455602769920.000000
20.550000	885156086483889392693825727583767626945636446237847623456394653030416384.000000
20.650000	904456935340915764614369986375016766906788436852466232387749480417460224.000000
20.750000	923984170659315465670914479290744265259403057197185386666913461163786240.000000
20.850000	943736305219080382336402648165197527616650279760489122543176674179022848.000000
20.950000	963711788767405188763262623567269705146422346269325406566771253089140736.000000
21.050000	983909010453284990144068289940848876441183691163040581755771551693668352.000000
21.150000	1004326301370787251460374569806813032461298342291840874381354301938204672.000000
21.250000	1024961937238411488014165177758758846041919004755928469987646679627595776.000000
21.350000	1045814141193194768001027360489196411792951237310139653333592200037007360.000000
21.450000	1066881086713259663111667360272899648913531849454020351836654966728032256.000000
21.550000	1088160900670202283095036292546235179409782601182799372597793718754344960.000000
21.650000	1109651666495987788656667546481705286575976579219627317040171713954840576.000000
21.750000	1131351427498059261257530645087990574389128190748220286713690279156645888.000000
21.850000	1153258190287093086742983708292503265471434235773970421522582249733619712.000000
21.950000	1175369928342043184939518781015079487948723554546537092262169982009344000.000000
22.050000	1197684585712171803538855311387277083970503905858068318410415467342594048.000000
22.150000	1220200080847008233827501875439968416280239512620314699473470388088864768.000000
22.250000	1242914310570689693504526946878980475598281320792995165491242744907038720.000000
22.350000	1265825154185153649937616678736409326573917353512524300141730197019820032.000000
22.450000	1288930477723654371937602146788047908712819735793134375227985740490080256.000000
22.550000	1312228138346580593236485722551875704054931615922735770296652490900242432.000000
22.650000	1335715988873544346814410745658850516388125119002547452189229307280752640.000000
22.750000	1359391882480758245963404043263250387685344097315959174958355733331050496.000000
22.850000	1383253677539006113063733940198766306832235341647801217837556546653913088.000000
22.950000	1407299242610209880009401991144800624579447316074978719877776406487236608.000000
23.050000	1431526461606760951994494421663932008765025781968338078464436358350897152.000000
23.150000	1455933239109645571653331971693646933128307986958005168697781054278205440.000000
23.250000	1480517505861669347630943506443948902478936282857172258300727297281359872.000000
23.350000	1505277224424784053821753622503926720756789766702048800911335840087539712.000000
23.450000	1530210395022902000251229747184574857074024563429334819964764845726760960.000000
23.550000	1555315061564607039548551506875026920047339471810224716449763950231289856.000000
23.650000	1580589317851160516502734909869101019324425566758789526221947997127704576.000000
23.750000	1606031313992744575226191200186429084909584828286440729626151210864082944.000000
23.850000	1631639263012238784648693570057527142218164685626839509987335388836921344.000000
23.950000	1657411447663334287548999012103254713039002588325886034710951736893243392.000000
24.050000	1683346227477192319786168447281188562685374830552607918151047213920288768.000000
24.150000	1709442046012837443599756965381171445244479752840029815947694207613796352.000000
24.250000	1735697438359491478552922347164782141143075971696359705462543291972059136.000000
24.350000	1762111038880933644086837836716022027503738603221833685086575763503710208.000000
24.450000	1788681589195496235641497830484311738053649650600900584981768650511876096.000000
24.550000	1815407946449603863286721690570147898830788555314470147019321669345869824.000000
24.650000	1842289091838374314512817311197215919008670142260986831848189952052428800.000000
24.750000	1869324139426335105048392664186898929044581155335226361310532565129494528.000000
24.850000	1896512345273837434264078698470649972027483325585758512584458822572048384.000000
24.950000	1923853116855227083005015929832617509258736121038790348604955970062254080.000000
25.050000	1951346022828068895395435000718099024851970398988100785469127742329978880.000000
25.150000	1978990803123978960374632290644669041167845797593130347435763007783698432.000000
25.250000	2006787379406507570977672452605770742613003767804599111759431878267895808.000000
25.350000	2034735865903177855887558674756337841956609423042378696927812013011238912.000000
25.450000	2062836580610497241900608739724011382595046511985334006698178925262012416.000000
25.550000	2091090056939186768920800545898733329908233442872235238220742377338830848.000000
25.650000	2119497055746928849863648212347933581605020395917352829114831062343614464.000000
25.750000	2148058577851939846534122545238895228675776831762039812399376492555927552.000000
25.850000	2176775876998481808567800207563316722973923517032002565111133723688960000.000000
25.950000	2205650473291735863620665786291644924707360895617303044543964121799852032.000000
26.050000	2234684167193948936330249306706549096995434160214569238910314240205127680.000000
26.150000	2263879054006841645672511435452602684410425509500688672069115035967815680.000000
26.250000	2293237538927179931052320350802001982699494227677412009476553193765732352.000000
26.350000	2322762352709387532874543734551195715467277411555420171296271672404869120.000000
26.450000	2352456567898738389846903888664137595217610664320773414672614850507571200.000000
26.550000	2382323615745887628497777035404948893653190128937566434190055602351243264.000000
26.650000	2412367303749091933333162225474129748243536787765815667726616037882331136.000000
26.750000	2442591833923181770988683218290341455580453766419449136545306346573004800.000000
26.850000	2473001821785746627651986349662015790018734691786829277731288086673883136.000000
26.950000	2503602316084333675622969910299970222673892872388762862436877864722759680.000000
27.050000	2534398819345598780382213205277666408283945704238976803021387061329395712.000000
27.150000	2565397309229986988433541429223178816119948294466781055257003293939859456.000000
27.250000	2596604260748891893733880480140321444224166806741158241767828848700817408.000000
27.350000	2628026669375932044732184429578855954616213969150039893731035931377401856.000000
27.450000	2659672075085793497889877424274071192356064596949574737414826461235249152.000000
27.550000	2691548587385744616882240672138238896361461046251202656223177373854466048.000000
27.650000	2723664911307142564252029144209677783558294734888550433817415274190602240.000000
27.750000	2756030374495571477631652840584980648933317755721695964633205896156020736.000000
27.850000	2788654955349012613444970586697124182948707583398599844555133786513211392.000000
27.950000	2821549312292561438934817792060500931922491980623767681460120679755022336.000000
28.050000	2854724814236742080892717498815752300733326118035189337260878013665378304.000000
28.150000	2888193572206616197463736661321464025847311971075612334725978629167120384.000000
28.250000	2921968472273494816860429487809486723659569325659221720685479846169542656.000000
28.350000	2956063209736559227830447429096766500363763735945453150049114019692806144.000000
28.450000	2990492324654003033954383974730091245180151793535369481979676897958690816.000000
28.550000	3025271238780854660176285371599241305429872718475628936898903280722116608.000000
28.650000	3060416293875533662300980933130966237444840126668102050075183773204348928.000000
28.750000	3095944791531576807313247488722364478634220683711485292193978908747497472.000000
28.850000	3131875034470928444952993198901265626218975311859697195589391857473290240.000000
28.950000	3168226369410065429821075809438654964371275747863793377128760870734659584.000000
29.050000	3205019231531663824926846106200654360285258948037652787190866592191741952.000000
29.150000	3242275190533989233380475109932478009139657715387024577393966029561921536.000000
29.250000	3280016998451357261245728628526937534292272188792418326679603820105826304.000000
29.350000	3318268639062080855649202607817973027340439178407300087245683404467863552.000000
29.450000	3357055379161294743977916705531234179237952482428120420583462421024210944.000000
29.550000	3396403821535714005723806320786323381936614828011234449004998517841723392.000000
29.650000	3436341959802105343044658617474397382146235771441466910339571306742153216.000000
29.750000	3476899235070494563772184332310732372000184404378987658858326874170327040.000000
29.850000	3518106594488360170155742337222080505121538665897492832359417620140654592.000000
29.950000	3559996551687112828805317810570703630550130674380131003025565010372853760.000000
30.050000	3602603249152737990657010446347242929617722598649895046366863517902962688.000000
30.150000	3645962522531493609428503977460322769631095221003870334136616691055984640.000000
30.250000	3690111966881525875436462125852254347696749009363555383714065638506889216.000000
30.350000	3735091004915595351038625849267622630376440243383134878373644026907721728.000000
30.450000	3780940957139042940577192647701144837576062554863422777340245112963203072.000000
30.550000	3827705114040046426329701912230685483615495993327450410467699279454535680.000000
30.650000	3875428810173465176567078713153558670439819988675987730426939006630494208.000000
30.750000	3924159500159368010738319891468083282802257474872611700669403224950702080.000000
30.850000	3973946836679646503264471434339286260537654636412469790367413559745314816.000000
30.950000	4024842750246373991567324199566363052904474241942919843715038311325106176.000000
31.050000	4076901530902367916805933092742352142652370636839360771844125494773547008.000000
31.150000	4130179911645890760011248159832445166225315578916615329821147261434855424.000000
31.250000	4184737153603941238791339486751359468324702480841489691564334790538690560.000000
31.350000	4240635132888147732613963424409949354520958466047233811071175488144670720.000000
31.450000	4297938428946305169304279392690779930785491299696105989809494573465993216.000000
31.550000	4356714414479838511613408081195141905167271633634535698594923731004424192.000000
31.650000	4417033346640488576007195172878594108130074104660315607412153726133075968.000000
31.750000	4478968459500806183428409578416225363172860673817934541609120754359599104.000000
31.850000	4542596057634837277473220807177682979575330975836531393037588116665270272.000000
31.950000	4607995610533352641475920162429646846327321423380167251507374073355173888.000000
32.050000	4675249847981004224655804596841364281480884141650682868383165086793990144.000000
32.150000	4744444855692812864722108973732201206259089532347106820219485628003254272.000000
32.250000	4815670171579314811017366716833206945162177737822432685308616061763977216.000000
32.350000	4889018881919679659118266333370082517340062507913919587057223321725698048.000000
32.450000	4964587717511600655102426448314670068677932998158907983835182983804878848.000000
32.550000	5042477149237757425106505025036438417520785310091095993655399977769238528.000000
32.650000	5122791482987097003302908606999348217691366751415661280821990765470154752.000000
32.750000	5205638953443218830847611875191060969565533055656417755195013222161711104.000000
32.850000	5291131816367849722175962039145572860091260409208096963066722099490979840.000000
32.950000	5379386439119204885047200907191083932264762790805365242204413005500776448.000000
33.050000	5470523388771388169214979155757778678108084586918299031372057298614616064.000000
33.150000	5564667517541418623393532408796255311718138828911539895406853856354631680.000000
33.250000	5661948044956573029154175539902843704843884378529234611079788323594567680.000000
33.350000	5762498636261013997610719571933394067967985137955490430107386185571631104.000000
33.450000	5866457476385396133719779415248340752857710889446645539017215659168759808.000000
33.550000	5973967339070463350713702489416033878294950556319299708499794559766626304.000000
33.650000	6085175650230958883455288366427406339490465881890588542433757998058831872.000000
33.750000	6200234545140706301899607677443273554552862115809996733696659372296372224.000000
33.850000	6319300918456496672350338590204155862227631715579295725291644370701778944.000000
33.950000	6442536466385996153103044556746886341756463100244504487652912975967158272.000000
34.050000	6570107720269859729471208582404776682304474011767014941229483477155446784.000000
34.150000	6702186070454360428861078899163850135201916486345130941223112698704691200.000000
34.250000	6838947779754388442243446440982184035156804026508870136588145710979874816.000000
34.350000	6980573985285103918075459827331524797631163354630517199165107195105771520.000000
34.450000	7127250687824959659494454667915410948587509747606283537277310290509168640.000000
34.550000	7279168727449043602087536106486581078325073293671660604858422341637505024.000000
34.650000	7436523744281981980944548272712324869712095814118878340721451720725495808.000000
34.750000	7599516123233853884755545909615568619427304547534331979717025361609883648.000000
34.850000	7768350921236189574578077166220073015714290651750292376158995635127713792.000000
34.950000	7943237775906265692914811055038219389688487917460295107974642761176449024.000000
35.050000	8124390793822178248374634625934641202180529901881811598523522724313169920.000000
35.150000	8312028417239875062932146044756803350251736768955487314081701842470830080.000000
35.250000	8506373267756603084922725338025597120144812481778896442926043909956042752.000000
35.350000	8707651964540892185674750512267923010017778929106222371048511493629804544.000000
35.450000	8916094916791864826727685017347429937804363740291033343257290100212498432.000000
35.550000	9131936086941393534953683230497625986447454046509254229856965453284376576.000000
35.650000	9355412724340464485677841166864270819111767501253252945174057801912156160.000000
35.750000	9586765066447088147702080251409016883097269747489765793159160301581500416.000000
35.850000	9826236005836754679500567088123120529639040114669395654602719283908706304.000000
35.950000	10074070721116130187945065402828691527132695641117582533787660946373607424.000000
36.050000	10330516269199198825924282613428140811374759871228463846612268284219752448.000000
36.150000	10595821137197337362782875707442121026878432314674044906117212478807998464.000000
36.250000	10870234751067871786703583040707441168542302718776926164907771674524385280.000000
36.350000	11154006939095635382283257739640809384418683905823042014537089065523609600.000000
36.450000	11447387347375080281735593812598961499200451820044464782867741678881472512.000000
36.550000	11750624805116704272846093529587317203294766678058271834182022524716449792.000000
36.650000	12063966636691847247079343766540595029141033863110443839611249698067709952.000000
36.750000	12387657918313776750866008119971484075887253827950625349875403206825082880.000000
36.850000	12721940675928006760965219482142439135246168638302881538340338546998509568.000000
36.950000	13067053022238276604461038493245657417310852038787011093634911212362792960.000000
37.050000	13423228229098088965174346610332486678225495901698951379206440557626785792.000000
37.150000	13790693733230171873759361803520473801886259632653625849565264915757793280.000000
37.250000	14169670071594798860459024803667023132625360377614898276019017165142228992.000000
37.350000	14560369743503506417019617487558947832752544345877321475770670510711504896.000000
37.450000	14962995996644039271046474708948989859323513191215118114416981604141367296.000000
37.550000	15377741533287512322541999527460627439595375695966735717965220992195231744.000000
37.650000	15804787134276909247396379556777538676054454289974710753669836928641400832.000000
37.750000	16244300196535669592153343875503212616335382811811261172081975936457637888.000000
37.850000	16696433181712234810802237579725372222992654702040711405117058431850643456.000000
37.950000	17161321972248843354995783468161850517182408003846474073452103394287157248.000000
38.050000	17639084131686500755858857260083742723996217078781571147741685825799192576.000000
38.150000	18129817065399247669377448369831961290059425982435891006070701756510109696.000000
38.250000	18633596079470243302263398194012446899156955327663409323638690731295506432.000000
38.350000	19150472333438102764466015038260544619183188846878137017073384755587710976.000000
38.450000	19680470683639687908095716184578662632004962460933068119557322124243763200.000000
38.550000	20223587414903523916771315068881280970612993756562610753491739401418440704.000000
38.650000	20779787855839009267505499836970483887060311450354752128603846744320507904.000000
38.750000	21349003875612334851894652395675864030252890150275022494401626598639927296.000000
38.850000	21931131258997492786168898919809473215207808365774440856192854915450667008.000000
38.950000	22526026955540116628791779213967001518301851073293795992420466100570947584.000000
39.050000	23133506201648684680271347946840212851201249788484836333494561994413441024.000000
39.150000	23753339510688436415498970458219379107810371119726594557010362317508968448.000000
39.250000	24385249530022588994133102795096654757989486394732645161986247210808901632.000000
39.350000	25028907760768703178444780378936644025231837905351556883177628289464270848.000000
39.450000	25683931138876079471602375053189287160563271890209871210672964000905428992.000000
39.550000	26349878474551892063816599449178507737618394903676524330019698680900091904.000000
39.650000	27026246747255251162204708305200873650202160083650832150961280074083467264.000000
39.750000	27712467255022193512339052800768590051757752932051619697944228125659365376.000000
39.850000	28407901615531490038059984902436408200726732026230804088879227179267784704.000000
39.950000	29111837617094316423982421574014452194833291559672483551090293311002378240.000000
40.050000	29823484918232386601857303305447391998715311947116293223663571401252536320.000000
40.150000	30541970593731817931445836415570022350312520150939337206586668368105832448.000000
40.250000	31266334527394516911522936720167857493701956206276841381597770293754986496.000000
40.350000	31995524648227279779094069671109831082488810244670500082391814432775733248.000000
40.450000	32728392011702286494477224502149003809036657277699315642159925724601909248.000000
40.550000	33463685723509532419025838268427473976068940172557573793313067643778891776.000000
40.650000	34200047706823668510068070822625938913998574394432451495383209505766506496.000000
40.750000	34936007312259999467911143807736416008516562611956280520818323610880966656.000000
40.850000	35669975770908361914078034646120182270050600323883437364280536491655954432.000000
40.950000	36400240490914604400737246233089528403421725392575214835712122430257364992.000000
41.050000	37124959198153856309173265237153307305954576916570252940071704254012719104.000000
41.150000	37842153921620471115055453076966129831121586633963518528237056044814041088.000000
41.250000	38549704825373903877092756292273496312404604400842400990212358979052371968.000000
41.350000	39245343887471590356548445836947759014433897820572921046077588940188024832.000000
41.450000	39926648428040097243061402365454425755157987835063403585540416420112760832.000000
41.550000	40591034488310715586243053000648495572780433837776608416126762414002667520.000000
41.650000	41235750062166733962703687137697946336600602795728972411160505711710961664.000000
41.750000	41857868182574658774752427225126251183734756503116029636525967364952424448.000000
41.850000	42454279865649662420621851766244755738548779968447175982427866731932286976.000000
41.950000	43021686913814591333168643018355279618856985261937334405654970163150192640.000000
42.050000	43556594581885577013645046744670864846485097035817847008599505899299536896.000000
42.150000	44055304107513295041619275761649526982284877053856456195519027278468087808.000000
42.250000	44513905109734539295371606540671677936460323019877247122213219888632168448.000000
42.350000	44928267858100284220971829549280080745952962517504509255558460401009033216.000000
42.450000	45294035414347478833908239083368472724119524715936995239195155500609044480.000000
42.550000	45606615651064478921602869837290450298497559848458113965858304084559265792.000000
42.650000	45861173147588647312757674080914375534740897787493947363240916039688519680.000000
42.750000	46052620968496421854956418548498057545726016413917616813413127551488884736.000000
42.850000	46175612324062610223419228279703480925577876997478028538427067885737213952.000000
42.950000	46224532117044981635402189168984593308323265189804220741058627961415008256.000000
43.050000	46193488376490135402254742839719209039259210851537077262946525005578502144.000000
43.150000	46076303580044634771702845202505739443945280754018413917820739081476243456.000000
43.250000	45866505866377546912696484864709704641904159384424795494461667392832405504.000000
43.350000	45557320138001371857061705049101835361670149155223867017955447558190923776.000000
43.450000	45141659054392282624165785652411380656929680211241439690910029534568906752.000000
43.550000	44612113915673860909332804677102178393208370890793831348223154010963574784.000000
43.650000	43960945434880544489066649381172644794741203985072553522511046124429639680.000000
43.750000	43180074398147220787494751331529864492570859776203183973675673689278906368.000000
43.850000	42261072209045077974933012418698019921111822160527653202262217812736999424.000000
43.950000	41195151315615711770252922314259520159034713368243453592677792415622365184.000000
44.050000	39973155513528092060096876150614799242082939347537815708731002761064218624.000000
44.150000	38585550123174070918858364477499678272754995638408721889216859333392859136.000000
44.250000	37022412032152693056540136187516226671393585278787711705703919930843332608.000000
44.350000	35273419598571048959129469982256842045448814902476275269709723840775454720.000000
44.450000	33327842404828236796577911252106669934747353290377559730677935377901158400.000000
44.550000	31174530855605230929371027418996352636929114636258375882606050848070959104.000000
44.650000	28801905607151546210796057284046252732647972235670366813565603400468398080.000000
44.750000	26197946819297299972482603330382471263672876087676531982810615480766693376.000000
44.850000	23350183216388354421785659397095028691721122017666267889390779093049409536.000000
44.950000	20245680944291480028064984632160025939274810887150373249452639929526910976.000000
45.050000	16871032209515313625882890772470945618275908367716294793211513708621070336.000000
45.150000	13212343684326093784379815312925968360545617188066121742291184104492761088.000000
45.250000	9255224662407235033064147451387458725753836351062159446236106219329683456.000000
45.350000	4984774946729533176211800716637768061731371214090361902855399894356590592.000000
45.450000	385572452954331549798816299059479969460018647222688603475738400292601856.000000
45.550000	-4558339492195042634164813242403018025246295353473241249333212313720717312.000000
45.650000	-9863465176107952178303060217172038886001363763242308406119451253635284992.000000
45.750000	-15546869868273269818438941008767572860529962022120664988223542940139520000.000000
45.850000	-21626193554210530681853119522721038089825674283114096114046767861564702720.000000
45.950000	-28119665051887245653454393852702378409882618467881912734654809305941803008.000000
46.050000	-35046116535719502541510584739454166190304021880166273772240108934022561792.000000
46.150000	-42424998483862323965980916090839182553288634529763920054855396913160650752.000000
46.250000	-50276395073208909785086402283688970382947346793797166327451105729827569664.000000
46.350000	-58621040037652309544123839891073056421983345235513533988096013953602158592.000000
46.450000	-67480333009912167106703745630837410176685124817689442743066982021058265088.000000
46.550000	-76876356362214365389581750748947712166244531801890710995778658151415414784.000000
46.650000	-86831892563068433100150541366296761546148447010223302499688640170023714816.000000
46.750000	-97370442060735316377955633191268153921517623319080627985355707016160477184.000000
46.850000	-108516241706035639202626785994479982894984046567596572744126043872322125824.000000
46.950000	-120294283720499481092187697002870092917692389920260007918108522725995708416.000000
47.050000	-132730335217381067268284737895895213513453417436044599204979629073203462144.000000
47.150000	-145850958271124727636725357011645060915751637526234199384530260320629817344.000000
47.250000	-159683530538144897263377008712110940256691833892669961505089330250489266176.000000
47.350000	-174256266414118300502059868825469060671122325585267859222185984756241399808.000000
47.450000	-189598238719568391280927123838327958708350284930256418811370331014170673152.000000
47.550000	-205739400889169782419208957959997614804833460868657375460559104155062370304.000000
47.650000	-222710609643927363230564850017557709183367975102428578968868771351893114880.000000
47.750000	-240543648105272493649377977585434542712338331465848903355822027393512505344.000000
47.850000	-259271249319838077226584379154473373915175143957086473236178191141784518656.000000
47.950000	-278927120135778749687536408097391398407642755158404330173330953613657243648.000000
48.050000	-299545965377625004343468414417649804671344903273061242087060036268956057600.000000
48.150000	-321163512249283928166269888311948384506301597987239140497166867026786910208.000000
48.250000	-343816534886719613174957921111290357134632078291844026960049832725955215360.000000
48.350000	-367542878967817613113825146326468460145451911725680035872441996011934580736.000000
48.450000	-392381486283095199695498071480710588274623796597549458498229283409367138304.000000
48.550000	-418372419142646252780123088663322983783512742964073934232060692784299900928.000000
48.650000	-445556884500565401528804978489136113438018275986285580460493676916751990784.000000
48.750000	-473977257649616873212787234616481501162378508419511774548728091031474536448.000000
48.850000	-503677105329987568125771442117145514255070398670042409676641346481979129856.000000
48.950000	-534701208075999833169851961836319981568353148952977213260359107432163573760.000000
49.050000	-567095581622517659573428237403948750701803242304476593017944738804063535104.000000
49.150000	-600907497144960968745653541313076026061562843121109074324176587416464785408.000000
49.250000	-636185500135849237824828594477379733934296683730460034645937593147755331584.000000
49.350000	-672979427650777358327859756805574906770001866337436422084297430427951431680.000000
49.450000	-711340423681141031881583857960465551682015835756147290409283574760669708288.000000
49.550000	-751320952365725136796361977711182524906595475069651809294417946546924421120.000000
49.650000	-792974808738492402624499771142859928407470972261686779017201670088376188928.000000
49.750000	-836357126704333353531589939171195272232461957665745661590242860235506057216.000000
49.850000	-881524383889998075633496115660112090562146466318809321169860677309170712576.000000
49.950000	-928534403012187527215046954293003605319048693670974664046408306449719492608.000000
50.050000	-977446349386464623980000968197133205315214600596076776594427462018253455360.000000
50.150000	-1028320724159357770142557607236806770014369076288483909853050164234447486976.000000
50.250000	-1081219352851151520753137823207329649781555052104121523812059075973327355904.000000
50.350000	-1136205368758396697260935142355987587695076918544424702909765206856798568448.000000
50.450000	-1193343190742525499590740782329293553482945050379247532182106669498717175808.000000
50.550000	-1252698494920687719138825974729214887277019731325351912357541900874642620416.000000
50.650000	-1314338179755398353350501429809876990866646074236513661252543157470217895936.000000
50.750000	-1378330323999749321486749251925279021902341770682155814403626875682165882880.000000
50.850000	-1444744136969612941142006778282375129817882085968302426161830398816071712768.000000
50.950000	-1513649900563547249124046159598572692916439369529816347411894733104652222464.000000
51.050000	-1585118902462783637853324418138822515762062044023701955320760528136589803520.000000
51.150000	-1659223359900694497896828181969710658481313533870339294291533888629157920768.000000
51.250000	-1736036333413528627623864402898441055648265640466433887437576945599432884224.000000
51.350000	-1815631629944619671330549852349879586676970268777488943197771916171534139392.000000
51.450000	-1898083694676608531627082631800330501546751289860372703765470670643445891072.000000
51.550000	-1983467490972105710734466421523319656358334746607640619917622858498055340032.000000
51.650000	-2071858367769463190443376179805702343780809435150064064366303184499180044288.000000
51.750000	-2163331913839526263241888400786086043402827580502687145698061851160486084608.000000
51.850000	-2257963798261045262109516179694330515814236199752694839385970009537345748992.000000
51.950000	-2355829596493858869171271487575790812669883831717214273687313168336097902592.000000
52.050000	-2457004601489552291036817609661122883131686274380523824874207943681256718336.000000
52.150000	-2561563619228003340153116249927723111021689743472841001088858350164065124352.000000
52.250000	-2669580748182604080268129566755710039922298284368679153299155005244782411776.000000
52.350000	-2781129142163878573864039574469427672812880800987720450714386114186311630848.000000
52.450000	-2896280756092761291373217200057221859409103471397133087400957564752301654016.000000
52.550000	-3015106074322879073969716472133145393903889758760764447220375925068610404352.000000
52.650000	-3137673821067305361407818714741729994600441353992986907411875905636621352960.000000
52.750000	-3264050652757276261573269233460431137957173050667328961726631234853887016960.000000
52.850000	-3394300832026122870620185293334522801671218620018982747485590743598881570816.000000
52.950000	-3528485883247035236688029328381610420262959305039994783518875098455478370304.000000
53.050000	-3666664229589803481018669883589256895378695116818433336051585406979465543680.000000
53.150000	-3808890811652238575105212863569539349289849908284711426561761980151777722368.000000
53.250000	-3955216687930969215460988225048084159401238870415125280949388670642121867264.000000
53.350000	-4105688617399203324342232368113534457856618103336557354193398786912008798208.000000
53.450000	-4260348624715107076907143387318309283272730919616254220080681284396849823744.000000
53.550000	-4419233548691790183694776663923907815081516578346710795111556028138942103552.000000
53.650000	-4582374574796290691459661605375822687678003650860138936262690845369514852352.000000
53.750000	-4749796752718747490192999878210792508750774526612538964978126678195162841088.000000
53.850000	-4921518500137491331607815217985661873812048473458688291464983660402034343936.000000
53.950000	-5097551094060134531886826398610450012844374565591780647632348957948313075712.000000
54.050000	-5277898151364508015460793120792255999483849306317561325661212428848664150016.000000
54.150000	-5462555100283327004208076246413648624590335425172103555118412543176403320832.000000
54.250000	-5651508644939201584665757810062413910140375133741009294415641722018146025472.000000
54.350000	-5844736225166908564099450724412128777598066635325933064368431794058940121088.000000
54.450000	-6042205474132973089130650802782034452735446261736327555564798458088478736384.000000
54.550000	-6243873676572277513784523090728685848783753202709857174677621190027829575680.000000
54.650000	-6449687230548024143592441297402738300687865434253064869610746218520355274752.000000
54.750000	-6659581116149048777078076361214551855296984906233102031976635236830251319296.000000
54.850000	-6873478374478268390499401559737460460762534345672221807023347488460550176768.000000
54.950000	-7091289600789995741371977125604854817250201524229820438704373850792051867648.000000
55.050000	-7312912455705765750717511403978005996667426205982282383759615303217213079552.000000
55.150000	-7538231198642896199458263380150528591121486061375384069611291739312409804800.000000
55.250000	-7767116248023003568562679760046679316396171972867932639669806417424538402816.000000
55.350000	-7999423772651870119497018106381987672439442510467746666876853283180584632320.000000
55.450000	-8234995319087729771709737021284678853267251964118807300554141088328783495168.000000
55.550000	-8473657479959749122106067087964591640009298865162038996723733182120969895936.000000
55.650000	-8715221607992192493914516925374145711142329862318596217145123386799576580096.000000
55.750000	-8959483581009785943663853329844873782545434470934550159741199306563120005120.000000
55.850000	-9206223622856294471710248457392908631190826955148120948931240840117157363712.000000
55.950000	-9455206185252588060492475110959831010658251859741950619801406511843641393152.000000
56.050000	-9706179895732343977458253581857964783605756766505302958064330708229610799104.000000
56.150000	-9958877576264739284318591823706887672564961813481697440798345050676365623296.000000
56.250000	-10213016337570256566794948026081991890648911973666241664151746514774539632640.000000
56.350000	-10468297753332163674487982495888966433788661001024878859532499086495346327552.000000
56.450000	-10724408118623001234296878059821156117440983555707850546955963735503955558400.000000
56.550000	-10981018796276078421652533330633666637078137023992874081674368693004025200640.000000
56.650000	-11237786654748527819757282591121938997346835084626997634238494608651571953664.000000
56.750000	-11494354600194299323277951713405904567329545420449022342830223651961424576512.000000
56.850000	-11750352205289482795269859175133751872950112187108752227028503935100131475456.000000
56.950000	-12005396436472754688009194950125105821194644653468946632855411971321774473216.000000
57.050000	-12259092480627034811824691629046806120780736276091490097737408792135852883968.000000
57.150000	-12511034671684280399154035989717421498616498236954598402029224425685461762048.000000
57.250000	-12760807516456559139303844330110074598933108234841692345628499926550310813696.000000
57.350000	-13007986818553005462043923935209713327019121666270007451083352365546256465920.000000
57.450000	-13252140897970470909356252044196309463084394942849437979398568409314933866496.000000
57.550000	-13492831903286924825043396174908691263798765130033751660662838893422288306176.000000
57.650000	-13729617212063182597835262494636530163912171549301217589330957265152086376448.000000
57.750000	-13962050914545395167959835561599186935415601531938274651990245536083698778112.000000
57.850000	-14189685374052608181175638127267558758368449242159444261342169867195978350592.000000
57.950000	-14412072856987221080294544795567387741933438505161512201525521616707581378560.000000
58.050000	-14628767223987941114501926287517421950322720697601983693684660208212144816128.000000
58.150000	-14839325672774496992011840889853112682443655814410013779326500116584019787776.000000
58.250000	-15043310522530622721389426743935143181999685890689992694753864392432087465984.000000
58.350000	-15240291027916528408491579855481536838171426541165708091288019310437113790464.000000
58.450000	-15429845210918555287053159874775027601228543892019430362200544248367755034624.000000
58.550000	-15611561696914300072211495253767730761245556979789275427814645531392815923200.000000
58.650000	-15785041541091184176433248685749229516995546530594016483530775221752217731072.000000
58.750000	-15949900030521929869101169162340016550263230811375288279003129641413258510336.000000
58.850000	-16105768446434435945089589641871296002035161314078484128865121251292652503040.000000
58.950000	-16252295770855223994796482635610702371826189231932834943036255233037993771008.000000
59.050000	-16389150321430149224678330350510357998904917633285821613115554745465769558016.000000
59.150000	-16516021297662902270343060295187254749298970392767140830165561250693328666624.000000
59.250000	-16632620222138355040973635561855521145700448498064751013121612243549779132416.000000
59.350000	-16738682259929705549932570612492290004823538915560969031681261928653973880832.000000
59.450000	-16833967399712373962633318052834754211672435766647525063947172212172547686400.000000
59.550000	-16918261480212917598309117582484467371785588681182583068903338052110950334464.000000
59.650000	-16991377046266003657064464085533954036377445959513948127435906573812415594496.000000
59.750000	-17053154019464319858440199338390272562964148384157967387795750927521609154560.000000
59.850000	-17103460168400498868406215731564311367183371352654312492647037056776751022080.000000
59.950000	-17142191365428409836665220963136687573465137891265399291295559464970600054784.000000
60.050000	-17169271616691061536274376513547822876976642922373307084741459080854439460864.000000
60.150000	-17184652854555686912569635058043703510734286503745553124051214488872012480512.000000
60.250000	-17188314481387400509280320690960982922291879939545557874437104081253506744320.000000
60.350000	-17180262656238286989348097828873756033869213149918683857631085312113964482560.000000
60.450000	-17160529316606296431690713174751359716151662113705185419075635150879457280000.000000
60.550000	-17129170928945719910095153900159740158685974934853965756450627987903992561664.000000
60.650000	-17086266963735477729589640332280280971825378466425926102797843644221644341248.000000
60.750000	-17031918091643393691547310395146043084693438897573325154736834880344153915392.000000
60.850000	-16966244099562585662005240667398249438246169406812598590459278856053107720192.000000
60.950000	-16889381526731827941077820816509915671762459076781960875796148383007155159040.000000
61.050000	-16801481022251352565649482625074137241261031422955029843267666121253107793920.000000
61.150000	-16702704428140564983354823238573939190513190187029460716747421474553507872768.000000
61.250000	-16593221591584758185963707338139868151959562261398546185588163844430974943232.000000
61.350000	-16473206914313447615158525027158235863118056187167890398797445086730453516288.000000
61.450000	-16342835645452207462530454611553451197557159588652387370812517628372030849024.000000
61.550000	-16202279928274985818091102690420183146098893511241782897504746901742410530816.000000
61.650000	-16051704610680133428987348737257226606202243428129482194249663658022047580160.000000
61.750000	-15891262832095787380483722943041724333524630911771006555124815582038746726400.000000
61.850000	-15721091399494372881011899312985070652123927883387484775285699535418832191488.000000
61.950000	-15541305967039012500932318617655858598787256883589125091793428947885180846080.000000
62.050000	-15351996035795570798124861855024222657943084550860966754314412460435100925952.000000
62.150000	-15153219789093172499709916939179704896097546484991678629874393289910606888960.000000
62.250000	-14944998783114492783952525366611508397079654835926838800723245491326619222016.000000
62.350000	-14727312511067039272282923734818140756934726809549433166686071034756120707072.000000
62.450000	-14500092862187910916630720088873992360467832396565252724937210331580193570816.000000
62.550000	-14263218497828599766333353117855611667078964957517949371741702583099328561152.000000
62.650000	-14016509167757202882900320705306299793534684762178885733703242184373208875008.000000
62.750000	-13759719992970726116285714506389995141472121797877603879920836767462035816448.000000
62.850000	-13492535742070803972633546012322931031878821138080020031360463674039534092288.000000
62.950000	-13214565130638897003664739422429935402035635587451927061072264990468784259072.000000
63.050000	-12925335176245220521080679450166876255070945777689175865230086890962240405504.000000
63.150000	-12624285643700614220637297899916787719079438867822539563983109519303717683200.000000
63.250000	-12310763619107102507085018910701186869898847202418438667254238309954525069312.000000
63.350000	-11984018254495326713284921874743698692600636890712435206154723228837895733248.000000
63.450000	-11643195729057003977087838365462751039599394015545551023845489547709469687808.000000
63.550000	-11287334477723493385334836977440468817693367837195823221915390303198653710336.000000
63.650000	-10915360743326624106469859617741563783483184549768721791234962171838341316608.000000
63.750000	-10526084513062513828837359712356675829551491068937110116564552077067637751808.000000
63.850000	-10118195908324738554596858787571801770360116306020490292406616434329931218944.000000
63.950000	-9690262101601154586263079145879134371749484808429554232408599953442896609280.000000
64.050000	-9240724843706128737636769232642638665814348933103555340762842097347513548800.000000
64.150000	-8767898689752489700378464711832168431943394389698726831786212046710104915968.000000
64.250000	-8269970025204103945262659122779469870719109875386867097190795428731717419008.000000
64.350000	-7744996995765528805279972172104096914581547147234588060811250258544194224128.000000
64.450000	-7190910460242112481374678121850065695777477773514282162098503023205145378816.000000
64.550000	-6605516090750696801968233480711451906464013019028865727238758417368344428544.000000
64.650000	-5986497754704091835013506096977467486212935382430076618748103702898001575936.000000
64.750000	-5331422323064039117770377533902684393412874390740810944944897180263732215808.000000
64.850000	-4637746056057273832076788749500055034617454917768340751642392698588172910592.000000
64.950000	-3902822726232650316351033660545697744617208537072093397701850486191589163008.000000
65.050000	-3123913644663931486450610385528312025201035893164298268070612447260556918784.000000
65.150000	-2298199762295323517223453361949406835488511953365993343291801158155038097408.000000
65.250000	-1422796018696112548132870663348229585508980790626830961241981283676039675904.000000
65.350000	-494768112393772035737970596825702130790023650134221408544474534716851093504.000000
65.450000	488848134267051206874786029221260862864290771650738141412555190017147797504.000000
65.550000	1531024653811555646280163759329849951456789184100534589381364143640513871872.000000
65.650000	2634716100022045001286450408955413176615758196928529004302118055393955414016.000000
65.750000	3802831766708741435158581447999555722510723477644596620834582459102768660480.000000
65.850000	5038204340770484197711904701413097697530669806386071928941134545407067553792.000000
65.950000	6343555406578896603247996757513333399257395648444210129256924030821740838912.000000
66.050000	7721457645773857672192520696370350523090075433388391808170462226611221561344.000000
66.150000	9174293729774818136879953932774460841038348372783292617438627104841176973312.000000
66.250000	10704211947815955305363439036400683998600272771073170112979041110308732010496.000000
66.350000	12313078677652144611202672676402285409160069044380832933074573470925173293056.000000
66.450000	14002427875462066836118899315453762107098265674726643866407607660193400225792.000000
66.550000	15773407845795780237515211222367810465680321468023801879086121803321593298944.000000
66.650000	17626725634783575254189824461237146997050916819862990095813430939474546655232.000000
66.750000	19562589496736936627742335770116531850872592836058577964955550065561736052736.000000
66.850000	21580649985679677165615494491778339391977743410182405298557807616349591044096.000000
66.950000	23679940338320570019064897536191519072825883868586048999044370779163196391424.000000
67.050000	25858816937012194681477957939821338737658429407258913357681908242223552528384.000000
67.150000	28114900759059149962642436449256551106995426887178262096633728053236979466240.000000
67.250000	30445020845938206552580853590648463563578040596957601728078034573553240637440.000000
67.350000	32845160940310418915984215687260082336967697524346350049738315758707698302976.000000
67.450000	35310410558783169892489993376272303693805916755848970512476969079450531528704.000000
67.550000	37834921861547101388946993457813328000238525299284322347804323393998801600512.000000
67.650000	40411873771534790662782122558235551845791037226253285580125017004011155357696.000000
67.750000	43033444856969671525937215484150038639865135034406416810638544059804076212224.000000
67.850000	45690796525937069377836026953630045540346080376221760640806086158668179439616.000000
67.950000	48374068090705802781667574204607983341453396702287473710155267752488113012736.000000
68.050000	51072385217238964365490754611363552221037835239303821425316913884872583413760.000000
68.150000	53773883202828419863278253637673893986198153159429231788316520856075462770688.000000
68.250000	56465746397880924043851585672451680950970158558136537149354087611502346371072.000000
68.350000	59134264904693374444573621010529271655756074894800071144709408837146750484480.000000
68.450000	61764909459203421529171189834132522755024478974483913401956519071574397026304.000000
68.550000	64342425114735769946416497865574930987294149075507509329411530308596334067712.000000
68.650000	66850943997343277607051837624020534698089445538737144241748980556071887175680.000000
68.750000	69274117026849324992039754769772917375548623621725485509574370796830615142400.000000
68.850000	71595264043196687157740940110296423067894062185167942353547646673448855404544.000000
68.950000	73797541323762727970147059597312221313545044958402738674384977873750919741440.000000
69.050000	75864124966885296289306503674362488975821130288267636150328049231265066385408.000000
69.150000	77778408110111603838363962406389563461387155610258349221725179624074818617344.000000
69.250000	79524209446854177555260063645414829911496481396334924255081490038324396556288.000000
69.350000	81085990007116164780034729663869956374708343626968269207362545303343098494976.000000
69.450000	82449074723516373434116287354794083899524005782086903733288908296294632521728.000000
69.550000	83599874898584836145309444568813572668762266595733985324507300126654841487360.000000
69.650000	84526107364823299244748683373314953309544608936040810784059909936585853894656.000000
69.750000	85217005891015234618281554570277032874585875860263361138035974405272289411072.000000
69.850000	85663520251765393493573556800842846796684881568874060195798893802596478222336.000000
69.950000	85858498354455122150621501958415223951893432472362836029322847661228390612992.000000
70.050000	85796846921645896639876739249873112458731237708462793629810116568672116932608.000000
70.150000	85475666445451186167462074856623798118398829931967641490036500991129386221568.000000
70.250000	84894356484084936777248788051223781130846775463616249245748603914686839128064.000000
70.350000	84054687838041333900727894214841579758562440163508756447655055421727186092032.000000
70.450000	82960838720803648401177430545598221313579411026931739627095207796378884374528.000000
70.550000	81619392715015154995148192742418601753267981260127813857687901058786045984768.000000
70.650000	80039297060824403804598084788561119877497527563854934956593810650637914865664.000000
70.750000	78231780653225581155095300360242555786272541359270641262633938398430990696448.000000
70.850000	76210231984719704349013334572457121298939913589858417632941253673413043552256.000000
70.950000	73990038182942807551054987966427757709007780222503193121870350100519014367232.000000
71.050000	71588387204254471257541480352479009157737905218722108772564174098960916414464.000000
71.150000	69024036157974838227116237832894611743041559934931733538304279914091777097728.000000
71.250000	66317049644872074231942660100382100360746674394183069412771948671190247145472.000000
71.350000	63488512860068280634504207428246526779407806998070032638950949640715106254848.000000
71.450000	60560225046778053156013301706862981167280329637792675438825024198902944890880.000000
71.550000	57554379656414564069381694296542602729778959607643360072440542976675342712832.000000
71.650000	54493238257740725739009129651968642904019769718947167874185204025473137377280.000000
71.750000	51398805824489520147956537290314030129994541261504027415804519686869878833152.000000
71.850000	48292515454006927516603520448819113279130907626615505938719903799076496343040.000000
71.950000	45194930825958767787591272829632347873423254649635090204266327135840672677888.000000
72.050000	42125474708258036114005924387261237065150979666035361640743497174918824460288.000000
72.150000	39102191529104657223478105736547194996715080633180090319655992370130929582080.000000
72.250000	36141551399811792994370811456636773954003398868319562383192153666288460234752.000000
72.350000	33258301923145166192589770012101315305972959420456273767095470784018011652096.000000
72.450000	30465372651024998759056758810030507559561216582690780743111720281356848070656.000000
72.550000	27773835115164241981498467049156180816392135333715113928069028042844703555584.000000
72.650000	25192918978544758398618001069404754314403603310928189407891652632182410706944.000000
72.750000	22730082086186679677787410608266919546347732663180658441930280272036685152256.000000
72.850000	20391129121067071463351842852341328421318241084808892809478433205797584371712.000000
72.950000	18180370342469227534048802714452624483853957681087533711319940348299402280960.000000
73.050000	16100808669927927309438022024584311002076682105893504888624915387381618573312.000000
73.150000	14154340411891919437787550483224720050207090805657036283069559242458113507328.000000
73.250000	12341952462277733210704323972619129347497432521518336722136003308654692401152.000000
73.350000	10663897072614468124514004744421276023651997267362787465164493732838694191104.000000
73.450000	9119824599780798300503727435100333314143749393294379929587468142863584329728.000000
73.550000	7708855157672587103532432043319209100428600778784285193913488044563881787392.000000
73.650000	6429572021657019527362565243171182457450551999792805666935913985686548512768.000000
73.750000	5279923026316856826113854464681476498979117009667168288763025127488278757376.000000
73.850000	4257021007522474649106337496210119947739488534973093110097173684032785874944.000000
73.950000	3356840381874956747425331421481139276132667603112008777274197938484958724096.000000
74.050000	2573813863640608500404532608472878190116434347072340800529338647346132549632.000000
74.150000	1900340543353664098732911953780869832392946703796426166365572288118303752192.000000
74.250000	1326223350085035475038807757668697445380755750895234320878747675980839518208.000000
74.350000	838059358677105836900991041753475351203329415079380774679166681502883774464.000000
74.450000	418609396383951429317916146931316125552241293845052635007623613804418433024.000000
74.550000	46172738349408445191058498056650546229919345677055717064151248683183112192.000000
74.650000	-306012891306503944546274376012687465783468164198887794126122455504147972096.000000
74.750000	-670337490728894092649204327273684611963856663165209402729304754537040445440.000000
74.850000	-1085361473667736500994189711836426941715045991402524906905853201050503217152.000000
74.950000	-1596372073572209258345826538655735929452333934592809840879072665280264011776.000000
75.050000	-2256025852201472033486393518212451342507276740968614781301417429888443351040.000000
75.150000	-3125193200004250655255673925969468497494753302368772495229462315404848267264.000000
75.250000	-4274171876458152929853345520694834844675156142747904618781366962202897022976.000000
75.350000	-5784494316577043442353372951991948342750827229883951763719610286264524210176.000000
75.450000	-7751616027088792271545546770558485253379385038148376060429200993294886109184.000000
75.550000	-10288838081324005145957444138514617794491063551428159977352026265213604986880.000000
75.650000	-13532883788460717184227267485724560782575429631291975223500773435402056892416.000000
75.750000	-17651617072674635559983321211925269063894990191199815647443265297149310533632.000000
75.850000	-22854458569020824939880687287009521374155864273945955905638191181134307524608.000000
75.950000	-29406128511601202725606293719252552488715630392817829182772296112423556874240.000000
76.050000	-37644431663239885993461549716431770779198412882591296445713285550078429233152.000000
76.150000	-48002915044883153962785594595980326865875659808795408657354594891441039736832.000000
76.250000	-61039401813253357584434952169044328679633143138609862536565169552668409987072.000000
76.350000	-77471678459824354140950125246304623862513163073201047926163281225611674124288.000000
76.450000	-98222054123611950219031440262222890846317221078754384435726438872968291418112.000000
76.550000	-124473215809733832097082011478993979859301449300903614109183254527252642136064.000000
76.650000	-157738903230031117853779725450307444999018187980881571210316164439253538832384.000000
76.750000	-199954595437534221295729128130787995754350189879378280320170572397997373521920.000000
76.850000	-253595859120261148758306792211619480811955557417581664205835616978277066866688.000000
76.950000	-321835527237700722208096304279450410641953902464363598491857545337699534110720.000000
77.050000	-408755785426762902213679501376673200858303465039890208714979762735050827759616.000000
77.150000	-519637943108480479884049798516073435967558412213024673592600942440428632801280.000000
77.250000	-661361667616081239536613584611518045723550917125464310028974956775897598787584.000000
77.350000	-842957475106219907298032479453919609497023929521405049008774138915425146109952.000000
77.450000	-1076372401230189291222895277222204445206580102000205799218164611252314882179072.000000
77.550000	-1377530859854047336239836009988607712896106551096236601802221168964160333021184.000000
77.650000	-1767803948477092072212250151516517940860078486985086751386342085579281537171456.000000
77.750000	-2276046475970504909326695911116313299727540842756533232490065664047386617446400.000000
77.850000	-2941431352151791091282087812242247029144911857299898377816286363615069680435200.000000
77.950000	-3817421545127367087088783367521550348051494165290293716031510537898269207429120.000000
78.050000	-4977395831210870629649479995694851147532953382548928313292411843080916668776448.000000
78.150000	-6522724660522132282499181359262224038887609542313864716399430938362278601293824.000000
78.250000	-8594533568532871112648987722902911133393859946306641152341536570289790461673472.000000
78.350000	-11391075309813512919888111202921377361215961850501867491305068902776340947664896.000000
78.450000	-15193674711793479362351012235774437149575065348296530248585409565101154591834112.000000
78.550000	-20405783593409804711420885511550032029434241435032694574888600480825581036896256.000000
78.650000	-27612058974967413038625260395193871340019553781861986680915286615981442834890752.000000
78.750000	-37668029732774722907234960369517650947835860156379047107920251579925438784339968.000000
78.850000	-51836725906671045300724940594333556119072687943360583272712175681009456068427776.000000
78.950000	-71998272131876992154929038094533357243665076361838477692923599454705501899587584.000000
79.050000	-100974898077621163231918487197382963775542874801686781714449883296272298039836672.000000
79.150000	-143042060849907039584840466717930748425354139274054990041374568664393008843587584.000000
79.250000	-204743415653781474783513685620681284986720797238612814720733965826713035093311488.000000
79.350000	-296200359101596387815932799566522602412434974302880526234585519522544395994791936.000000
79.450000	-433206526145691957678436727480343846706142943302305288432576747477810622217846784.000000
79.550000	-640503475279400501157759125229180085741020341994235888732648064385077906268749824.000000
79.650000	-956679132724009689346122372086355094851446335592907525732637381994103526920290304.000000
79.750000	-1440972110055619133033299797775690452238414233465500815260649384506893991973748736.000000
79.850000	-2181668040777332093607740422078964272652624284860397284125103972064255518061887488.000000
79.950000	-3304455734404700692482767968659767180418229954794035246676836430307783966378164224.000000
80.050000	-4976898317777059563472294900998095195574456025222497793559644089434899967249481728.000000
80.150000	-7402309256336529532982223741487658537032070554658679338076614961651386331453980672.000000
80.250000	-10793845378347269092240244991132347579884715651636580204147000225488665146346700800.000000
80.350000	-15319598978060347236738858724237829613247068854902549251163759382360641226709925888.000000
80.450000	-21014618488202931060657223814166936925921703783288995840941937105589806193658822656.000000
80.550000	-27668208854648462051218826563689458303714062328149222591437353648160642717817241600.000000
80.650000	-34713829461243370430542650048292746813880787373387157881144895926179560724155596800.000000
80.750000	-41168717649561286331993176904011395978324174854398900264687962967733662176660946944.000000
80.850000	-45680069210324921822723945540065223780158260970829563015469047230846450425699237888.000000
80.950000	-46721455301393027845948404904360304946272456549047859270102558695908769328646848512.000000
81.050000	-42939996553780261866999340490306662598263128074039591607318705116573281128858779648.000000
81.150000	-33588506647688230328095017032909088452417001375915684499169536095399360087650729984.000000
81.250000	-18911852204837004233533143939998340198951535771407130143630668890798636596631437312.000000
81.350000	-328570029782512220169937959407226268267998656290460746635389928788945688688852992.000000
81.450000	19713832720929204701360484122751365301574316762209672293855899015163374852865261568.000000
81.550000	38226804291654941373839444222375434521755895827151696742780987979613451151927672832.000000
81.650000	52392423800516561321134593117290735868238410026850288642880313198697241194467950592.000000
81.750000	60272995957503475129493593534278712205408070127673047836090749741986244768087146496.000000
81.850000	61273606367107167284930311635702491948455425349311694333868971159991920534294102016.000000
81.950000	56199268160626208711509049707019825519353089837344930300561459629618016198842122240.000000
82.050000	46905082777680264009889362124808471840999766223811810095332047288666785617159389184.000000
82.150000	35691505378030281739445175386627787698739699767043353933514950795772201962617962496.000000
82.250000	24676114164752102388914568348223580666862785491115350832987275335412901021388636160.000000
82.350000	15348128004681114469368076333085846690598154427384414423437750850135405962113056768.000000
82.450000	8406888087925926640908416825869364383196731310735616085956532785652280921535021056.000000
82.550000	3860837540451936449489987325860566526116967016102657550287568849406075206631424000.000000
82.650000	1278034270954703737064511645781281432868626599172906325562320516446958485413822464.000000
82.750000	60148082185209907371658678585300305579223708049598322486717753998904978749521920.000000
82.850000	-351773276735511048153951164439237179212148356752010658652719855539192491369562112.000000
82.950000	-373120238997154425520139897880511582802682568137778193611421565807568500568358912.000000
83.050000	-258371891060732763040253813240902881886879965945077741163476436946070745756205056.000000
83.150000	-133703910451916762803987461609296364070253726208001002688348848921130048742752256.000000
83.250000	-44278355140974128369373500754919621830677786188600003485811744250184123530870784.000000
83.350000	5440974955913432191617068458245583825410391187014745568776732775978650512130048.000000
83.450000	25778750831430389358656972795641087918415199008107356590311521778085322475700224.000000
83.550000	28853817578045901961429195497257770181599356860591961695697326088762031649849344.000000
83.650000	23870832803385388425223077319448799876507525697941524906620103843700637874257920.000000
83.750000	16480157761112197380773414706659421427398658107346484851855495323225389478707200.000000
83.850000	9575444442938978255981611793914283057540984879765405134363018079533409819951104.000000
83.950000	4294855752539036362921824514779633061189595945107647612086886493505056275431424.000000
84.050000	811232335291474734699841182092216135770340284696014017048613551639707047165952.000000
84.150000	-1146997894448809085750811913590594573244316490868135313358992858086726504022016.000000
84.250000	-1991592484344314529970010440510132139491235115601007432286315753248589978009600.000000
84.350000	-2118957086066471952442180527174923449498683067646241865413858224775334945882112.000000
84.450000	-1846540462839789456862609841709858679063084157010162858786447509435383661199360.000000
84.550000	-1399895856631473323666801456279998367145269575200332629076658059923229975248896.000000
84.650000	-923334439359618516428230009239175698801422680744697078962745592945912989089792.000000
84.750000	-498441288642692312932135640642199131154034489098665320857424740337351544274944.000000
84.850000	-162656448096046823927567290592864373300923315807736528978309734137959515422720.000000
84.950000	75135752624547193397054445101772570892752663320267609890095496759237207392256.000000
85.050000	222699482760466394920526547552101077320120250517938212195064383540523415109632.000000
85.150000	295957315679631813305263589909086497552968064235006770286519800107483959132160.000000
85.250000	313359749951031985868758341055235337779842360180903078887989597456174069841920.000000
85.350000	292504401127618485302621011538740316597178117727419087798515758781680697999360.000000
85.450000	248414260126731364917318834786143968619995784747764125681785922057158747226112.000000
85.550000	192937587720555929520348316646161103686946762935256968650428816089795449061376.000000
85.650000	134817565748351777873750068334090327732214456718611415432321522745272285790208.000000
85.750000	80090445915803676835186321389064914037521792756888831067386795590039451467776.000000
85.850000	32587922622062741993965737497418711043936320640133949315609270800348732194816.000000
85.950000	-5578030794516154943887051358137980493584296663839101192306767258190461534208.000000
86.050000	-33595376852267595650527294966676092548198530393448321063376267449826415738880.000000
86.150000	-51602189282814721045819120649711836878316057371167638665971141646979692494848.000000
86.250000	-60395385476176618206206832537574779191909114979491413820779415627215405056000.000000
86.350000	-61186851221256060317487421734498889299976226524035001233804938123791996813312.000000
86.450000	-55402687482494771822003255516928899466956329140840890443638001829778942853120.000000
86.550000	-44527610779556184791645749034221488424987497241371063723060571150875371765760.000000
86.650000	-29998627839957252030046682021884879122947490239574224742281464034344835219456.000000
86.750000	-13149529681730368595033286646241620660828066067448091670018426454177338097664.000000
86.850000	4797919155594371154170678880922449268318901110299819027799376650161503600640.000000
86.950000	22706721594786268914091365443092857716511014209349815711018155903648526237696.000000
87.050000	39477168030896962255466486190328354333252734743311047729292234309449572941824.000000
87.150000	53997560938957342718959653868081862945501733052669268280049650311905941651456.000000
87.250000	65110888708164201111953065906901643479886177977845740823244997681381986271232.000000
87.350000	71611438805590064331752964887949420098158444579033687875630350574877692395520.000000
87.450000	72279238791782997082906009419710513527415302519995087390917655402839883644928.000000
87.550000	65953037230033367460812848069658901639302347440374982872028105577635598303232.000000
87.650000	51635791772565013120284831875115195979117987328396973848478839391607295311872.000000
87.750000	28621890105213832450809579654498333899439451682266990957350285216433236344832.000000
87.850000	-3366282575706041236515380420999912049131764700469450882138614974538863083520.000000
87.950000	-44043081033347266521752905892640192448528285141503639905051562659397482053632.000000
88.050000	-92432236805060330209847556231703401070358230413940823350907735551416977063936.000000
88.150000	-146749935942644067791362010938038058068792928472129099841789449237398177185792.000000
88.250000	-204299860002133366093047690819987970309479119414467866014783349207991773560832.000000
88.350000	-261386375457745097612447673799885297803398891082395857382715616766962415173632.000000
88.450000	-313263335768464133283647192538356901559739654865889972483207470491923640221696.000000
88.550000	-354151860255187264016675180535297007596575566154266293474477077719709846077440.000000
88.650000	-377375773953439912434738882529963947644182331643440160135659849010235391868928.000000
88.750000	-375670633911751258101457783040508702733440518992293116282569529722038701260800.000000
88.850000	-341713879752555986893339344936259104100693210981148170477134362849936561668096.000000
88.950000	-268895017154770106453783157107172440676870127662756439928907328169874938658816.000000
89.050000	-152296911237724010791300898832936360717661443157805765073152431864533192015872.000000
89.150000	10200137903714407968420370610325063445376924988953872831835189026287966486528.000000
89.250000	216837986044488935379479715354331286114468826360465020187065451914366778605568.000000
89.350000	461112932125754012100109336290407725861531756796830555144227230147755783487488.000000
89.450000	731325447842894099224412525723074788575652907253740105838585425811213125681152.000000
89.550000	1010735227428663781630217687829103809707664030662275865079348193535422669783040.000000
89.650000	1278459308200943375061815791916553506551630775668411687191153806710716355313664.000000
89.750000	1511168741943790842758648808746225997995093012034254909090332928204809701425152.000000
89.850000	1685525569209798530580676864052514407119985518140716098626694571782769783865344.000000
89.950000	1781159141446930408401620719957369741487521466297641491724678669895378323636224.000000
90.050000	1783821424416172856735556569664909568153466381069371895569559702748709364170752.000000
90.150000	1688215631243566222291891966871689102227279812458574347300663847507345172070400.000000
90.250000	1499911773312066072076359295850642006445984766217779682676128096879942213566464.000000
90.350000	1235802704754498880709474284425234718627944712841548830146736476760306018680832.000000
90.450000	922750125375019821242061252983990267519086732181962759832437039128046817247232.000000
90.550000	594408256631693899526908743278852964826656426491299229948870038544582646431744.000000
90.650000	286620267273332919657904638048915901187609175964811765860163611708176472211456.000000
90.750000	32143234767851957490683745255558719288035375386956788175802575869189099094016.000000
90.850000	-144344698274970248013790515217472116078326715196596301213449135339349070577664.000000
90.950000	-230034274637022532901204050910031792533394789185293383874651542287001579421696.000000
91.050000	-225904649696951403500175835433786461529119458499401465883556186497899447713792.000000
91.150000	-146493524113401426341932373052626944442216449481409233362277746454100300529664.000000
91.250000	-17642424013870305796219611959034803781243322957533449811985098486954506321920.000000
91.350000	127343075955450148604664504238240700109783782851600310080060431897924424695808.000000
91.450000	252498531529863718749634024678427857142881534731319358916308847028389137088512.000000
91.550000	324293330231159097954646711376183245045461258106931114238267498432773752881152.000000
91.650000	316350866767995966553193404945230160269388951614403802135044539880789554233344.000000
91.750000	213193596893493678308859054864081099180892309475220195307964711889128212398080.000000
91.850000	12505310576982090783540096666668332401976857378039593957643060541839856631808.000000
91.950000	-274439312675262658169331815055107847836592829847967748885131970266476356567040.000000
92.050000	-624286088884558759805156132988284220337876661231611412274335472232414822006784.000000
92.150000	-1004851644481606851026309788834648942090910420629359925989058419469182182621184.000000
92.250000	-1379593969352241115198270708340907899303988794011954631596777063474847039881216.000000
92.350000	-1712549781134846466471939058508097185341822760468896816632227393048790066790400.000000
92.450000	-1972908549970107477086243644258102994477283504863890711061685249507623547437056.000000
92.550000	-2138502900454478553511366844387437462831649116930974478537141269126340182802432.000000
92.650000	-2197759295558425666440973079105187423544214418828783693652844336519654288654336.000000
92.750000	-2149991702359255717939125040584226522636698630015050017218657995787880135393280.000000
92.850000	-2004239022002821174669557414389627911945039485697197132222038936699993076006912.000000
92.950000	-1777068011663011004805766793388930694004687531983837360261464926413510519291904.000000
93.050000	-1489852249508807627255574441639417328292310331999455358432281849926784701693952.000000
93.150000	-1166004262518396304884670265662569457441349811315333124159824382038824567439360.000000
93.250000	-828523431373499872238569553696551425353406140538265606221704075011916130418688.000000
93.350000	-498077614615746596159216330145823277328134003974584364992306841580440173674496.000000
93.450000	-191703167934698792914402848804654636259128978583313358694929032563898630275072.000000
93.550000	77891306653096115678565289294052786493236586364735781403062576571763163922432.000000
93.650000	302493575754885309077849753860693275592893937747153894952383948788594001313792.000000
93.750000	478135725660751480902709440020047963101177915739206668294091153185395703808000.000000
93.850000	604539253442392234586028053780225744750148134581135093836183917499397405933568.000000
93.950000	684373984692448644055764739545814954577711109490381582832633626970399916949504.000000
94.050000	722438570028176946173873138230511920862735774790664088682803239190646849798144.000000
94.150000	724854996492152241728916369050438237962029361093744574618497119321991589920768.000000
94.250000	698348738901408943913884022922760395471058912461928922617474809024239452028928.000000
94.350000	649661652614656291386343800029226935742951131824858513658261134167231780880384.000000
94.450000	585119431629376456978849593980447362998463058692403298203620946004512021151744.000000
94.550000	510352772137159608415356433563475750068430307443971484415611129906132653441024.000000
94.650000	430154098698029682679206204094360640795279982210622503469014930291653466914816.000000
94.750000	348441284834201797370648554850430516644920544670449254983422249007103032164352.000000
94.850000	268296201028896338257488293903937201979633789384916484656598633440571564228608.000000
94.950000	192047873231980697673550856667244035234523460749453026864389205980606332141568.000000
95.050000	121375595859912579188670194922476453749260008123564380061795641415957638807552.000000
95.150000	57414479106267654024857936309454001914174434680324005083976515639217374625792.000000
95.250000	852926909530141760096807657024362639015111882268410645939616084204502122496.000000
95.350000	-47982659894640707041448595963500654438816683351311713207613213185555740753920.000000
95.450000	-89056611343820687470074618755269789666529231275933815458170974955088170188800.000000
95.550000	-122564491472941226491182742185258802023808025211179002541751916257477539135488.000000
95.650000	-148882861940267436387375608103197005085853077746234799555261815488080339009536.000000
95.750000	-168525896654575627463447512755727127829415479545338585626705561550404662067200.000000
95.850000	-182107077444647346708787470978186223070950026770386790339872382291306145120256.000000
95.950000	-190304966721416579302336980022346448752666750569601764395816380890956433457152.000000
96.050000	-193832721752787225093843273450146982783647679334312188233525877099837056352256.000000
96.150000	-193411443531502251096929840722522367595795303173976445850976376244615616921600.000000
96.250000	-189747634024260229774428923190816986677999980928647878039633502503570086297600.000000
96.350000	-183514996755839393130118952208381782590595045143626424566854382461716675952640.000000
96.450000	-175340651390497914107858041440809568556511237994106220255986523002254756151296.000000
96.550000	-165795599165253383757338434685804567959750576698189257187765325847429566693376.000000
96.650000	-155389057940885733321859202775540411345485376991718474207083610230762355294208.000000
96.750000	-144566116515076407971514518591076553014660599710010376941118434976852281917440.000000
96.850000	-133708053419834948385124078603586325512751767444140997431303127575557524422656.000000
96.950000	-123134642852452483774525119677915830026988382887115733885896108504315229896704.000000
97.050000	-113107804045648026220137846532017399329525856119452905612621102780075781128192.000000
97.150000	-103836027996539296554261266511603376754836100700275483116724477125162726064128.000000
97.250000	-95479118030091017773176814072390283333725056266307283564895147261825499791360.000000
97.350000	-88152891626300975962595488988011312065357525765247178483808161307510962126848.000000
97.450000	-81933592223223302641499826529298751587783101422033749174457505125723845689344.000000
97.550000	-76861845153804506633225493304488653210746476967685276805742210803702201057280.000000
97.650000	-72946063619912939231067979055321761676748140063915228723130343028656548347904.000000
97.750000	-70165257161586237042057861177362598246544066755131912667355022264203376328704.000000
97.850000	-68471227112207883238713183757442609756363217327780542371376388301675422547968.000000
97.950000	-67790162918458093860280389854608385963562057778115161305597435619623940653056.000000
98.050000	-68023657396700591699868698949707883992717645127912294440281437468865261993984.000000
98.150000	-69049186055333025666201078839322201616707816678221450340658703601341816635392.000000
98.250000	-70720100955560815270954991095687201292941515977333557654806548676861889609728.000000
98.350000	-72865216680488982016095665441736743238724402859896569961012403779684525932544.000000
98.450000	-75288084425448041600599665790051106550759869873181467247886424586920094859264.000000
98.550000	-77766078072737558984228765832671095073639673563071109850927036696754772770816.000000
98.650000	-80049439208906266238580773706342843176855765059831927500017430935016350679040.000000
98.750000	-81860439618649157508605757628648946249088403234972928060004182823822237368320.000000
98.850000	-82892826267860053989981338959280177051262331367830986936580518532074855989248.000000
98.950000	-82811686738769592564234436586549254933258130415974301351864035874642390417408.000000
99.050000	-81253833205411309062015832663443660281287081925890416016679289158611660439552.000000
99.150000	-77828721065581835671387132611809900848076136911495632329869245632864168443904.000000
99.250000	-72119837485453687088678498207211345967586771807174589811414849551747405316096.000000
99.350000	-63686396038156142259756381140890349560073784302066208119249887722570929668096.000000
99.450000	-52065140346932305330888460101542402102089459780626095755097350711253745532928.000000
99.550000	-36772128762571492922606534835191187447921948806197757381948153050999346429952.000000
99.650000	-17304666789105398125743760408276048585655222188818491544857102666449205329920.000000
99.750000	6855807600012385947333113916341809635748764053839403872795058523502750466048.000000
99.850000	36237925079043441874885475739004587632508452781679816030471422522790013566976.000000
99.950000	71367900053502781190848693891866643191329543286928242646891968343205981716480.000000
